305,2998,379,2998,379,3078,305,3078
973,1984,1074,1984,1074,2073,973,2073
376,768,455,768,455,852,376,852
377,594,459,594,459,675,377,675
794,2287,865,2287,865,2354,794,2354
309,2909,372,2909,372,2992,309,2992
302,2697,385,2697,385,2770,302,2770
392,3174,463,3174,463,3250,392,3250
300,2598,382,2598,382,2681,300,2681
376,682,457,682,457,762,376,762
391,2693,472,2693,472,2770,391,2770
389,2824,470,2824,470,2898,389,2898
393,2607,471,2607,471,2684,393,2684
250,1463,350,1463,350,1568,250,1568
306,2541,381,2541,381,2594,306,2594
379,508,460,508,460,585,379,585
995,1872,1073,1872,1073,1942,995,1942
301,3169,379,3169,379,3249,301,3249
390,2909,470,2909,470,2990,390,2990
1762,1869,1811,1869,1811,1922,1762,1922
1487,1415,1537,1415,1537,1464,1487,1464
1528,2452,1594,2452,1594,2517,1528,2517
599,2439,667,2439,667,2504,599,2504
792,2441,858,2441,858,2507,792,2507
301,3086,378,3086,378,3163,301,3163
306,2826,377,2826,377,2902,306,2902
1986,3093,2040,3093,2040,3148,1986,3148
2050,819,2106,819,2106,873,2050,873
1526,2529,1597,2529,1597,2587,1526,2587
601,2584,665,2584,665,2632,601,2632
359,1089,417,1089,417,1136,359,1136
537,1787,594,1787,594,1835,537,1835
1532,2925,1586,2925,1586,2972,1532,2972
536,1730,591,1730,591,1778,536,1778
922,2854,978,2854,978,2904,922,2904
1815,805,1869,805,1869,855,1815,855
1815,1152,1870,1152,1870,1204,1815,1204
982,2798,1035,2798,1035,2847,982,2847
1562,348,1617,348,1617,396,1562,396
1994,2398,2046,2398,2046,2444,1994,2444
1104,2972,1158,2972,1158,3026,1104,3026
478,2446,533,2446,533,2494,478,2494
1176,2860,1225,2860,1225,2909,1176,2909
359,1733,414,1733,414,1778,359,1778
420,1552,474,1552,474,1603,420,1603
802,920,854,920,854,972,802,972
1935,1111,1990,1111,1990,1158,1935,1158
1485,1030,1540,1030,1540,1083,1485,1083
1757,2979,1806,2979,1806,3024,1757,3024
665,2147,718,2147,718,2196,665,2196
364,448,418,448,418,499,364,499
1757,998,1812,998,1812,1046,1757,1046
1042,2742,1093,2742,1093,2788,1042,2788
360,973,412,973,412,1026,360,1026
1752,3213,1807,3213,1807,3265,1752,3265
741,343,797,343,797,400,741,400
1937,1697,1987,1697,1987,1745,1937,1745
2044,3151,2098,3151,2098,3204,2044,3204
1547,566,1602,566,1602,618,1547,618
1761,2746,1810,2746,1810,2795,1761,2795
629,447,682,447,682,503,629,503
1755,3157,1807,3157,1807,3203,1755,3203
425,451,476,451,476,501,425,501
1757,2687,1808,2687,1808,2735,1757,2735
1700,646,1752,646,1752,696,1700,696
1175,2744,1224,2744,1224,2794,1175,2794
1107,2918,1157,2918,1157,2967,1107,2967
729,2676,784,2676,784,2731,729,2731
272,1144,328,1144,328,1196,272,1196
1177,2393,1228,2393,1228,2443,1177,2443
535,2738,588,2738,588,2788,535,2788
361,1031,412,1031,412,1085,361,1085
1109,3095,1157,3095,1157,3141,1109,3141
1992,1054,2046,1054,2046,1103,1992,1103
247,2144,300,2144,300,2195,247,2195
1485,1095,1538,1095,1538,1142,1485,1142
1101,2445,1169,2445,1169,2511,1101,2511
1534,3041,1586,3041,1586,3085,1534,3085
1818,1329,1868,1329,1868,1380,1818,1380
482,974,534,974,534,1026,482,1026
2050,2809,2101,2809,2101,2858,2050,2858
1758,2163,1811,2163,1811,2210,1758,2210
1937,2338,1990,2338,1990,2387,1937,2387
2051,998,2102,998,2102,1047,2051,1047
2054,534,2104,534,2104,581,2054,581
480,624,533,624,533,671,480,671
1698,939,1753,939,1753,992,1698,992
422,1500,472,1500,472,1549,422,1549
2050,2691,2102,2691,2102,2739,2050,2739
732,2389,785,2389,785,2437,732,2437
860,975,913,975,913,1026,860,1026
421,1380,472,1380,472,1428,421,1428
1815,2752,1866,2752,1866,2799,1815,2799
538,1672,589,1672,589,1723,538,1723
1931,2919,1983,2919,1983,2971,1931,2971
2053,2164,2104,2164,2104,2216,2053,2216
1759,2339,1807,2339,1807,2387,1759,2387
1934,1285,1986,1285,1986,1332,1934,1332
1638,2857,1686,2857,1686,2910,1638,2910
1813,2920,1865,2920,1865,2969,1813,2969
1759,1288,1812,1288,1812,1336,1759,1336
603,3030,653,3030,653,3082,603,3082
430,2141,483,2141,483,2188,430,2188
650,1861,719,1861,719,1937,650,1937
1819,923,1873,923,1873,975,1819,975
2052,1581,2107,1581,2107,1629,2052,1629
1642,645,1691,645,1691,696,1642,696
602,2286,666,2286,666,2338,602,2338
1556,1489,1597,1489,1597,1513,1556,1513
1233,2742,1288,2742,1288,2795,1233,2795
986,2332,1032,2332,1032,2381,986,2381
479,565,532,565,532,615,479,615
1642,1813,1687,1813,1687,1862,1642,1862
1760,1581,1809,1581,1809,1631,1760,1631
1486,1359,1538,1359,1538,1406,1486,1406
1526,2378,1594,2378,1594,2439,1526,2439
352,1976,398,1976,398,2014,352,2014
917,3031,972,3031,972,3081,917,3081
241,2966,295,2966,295,3012,241,3012
539,1617,592,1617,592,1661,539,1661
980,3033,1033,3033,1033,3079,980,3079
1490,1471,1540,1471,1540,1517,1490,1517
1550,452,1599,452,1599,498,1550,498
2051,705,2105,705,2105,753,2051,753
1410,2982,1459,2982,1459,3028,1410,3028
1486,977,1540,977,1540,1026,1486,1026
728,2912,779,2912,779,2960,728,2960
537,2855,588,2855,588,2904,537,2904
719,744,769,744,769,789,719,789
482,507,533,507,533,558,482,558
1469,2922,1517,2922,1517,2969,1469,2969
1822,747,1872,747,1872,798,1822,798
602,3089,653,3089,653,3138,602,3138
1760,468,1810,468,1810,525,1760,525
1409,2918,1460,2918,1460,2972,1409,2972
1547,680,1599,680,1599,733,1547,733
626,566,679,566,679,617,626,617
1994,529,2047,529,2047,582,1994,582
536,3083,588,3083,588,3135,536,3135
536,3028,587,3028,587,3075,536,3075
423,1324,473,1324,473,1371,423,1371
1756,3097,1801,3097,1801,3143,1756,3143
797,3207,850,3207,850,3255,797,3255
1993,878,2045,878,2045,932,1993,932
273,912,327,912,327,966,273,966
1995,1460,2047,1460,2047,1511,1995,1511
420,1613,475,1613,475,1662,420,1662
1875,587,1929,587,1929,636,1875,636
272,1029,328,1029,328,1080,272,1080
2051,2106,2106,2106,2106,2153,2051,2153
1699,2802,1748,2802,1748,2850,1699,2850
2050,3037,2097,3037,2097,3087,2050,3087
1822,572,1871,572,1871,624,1822,624
861,1031,913,1031,913,1083,861,1083
734,2624,782,2624,782,2668,734,2668
729,3149,777,3149,777,3193,729,3193
806,1620,856,1620,856,1666,806,1666
1403,2859,1460,2859,1460,2911,1403,2911
2052,1288,2104,1288,2104,1341,2052,1341
1548,627,1598,627,1598,672,1548,672
1757,2515,1808,2515,1808,2562,1757,2562
1644,821,1693,821,1693,870,1644,870
538,2561,589,2561,589,2606,538,2606
246,2327,299,2327,299,2375,246,2375
1535,2804,1587,2804,1587,2858,1535,2858
1757,2629,1807,2629,1807,2680,1757,2680
2053,649,2104,649,2104,698,2053,698
924,1384,971,1384,971,1429,924,1429
798,2737,849,2737,849,2790,798,2790
362,1323,412,1323,412,1374,362,1374
921,1674,970,1674,970,1722,921,1722
869,2446,919,2446,919,2497,869,2497
1492,513,1537,513,1537,557,1492,557
734,2450,781,2450,781,2489,734,2489
1700,2687,1747,2687,1747,2736,1700,2736
925,3149,970,3149,970,3197,925,3197
1547,859,1599,859,1599,908,1547,908
605,2736,657,2736,657,2785,605,2785
863,505,916,505,916,560,863,560
538,1262,589,1262,589,1314,538,1314
242,2619,292,2619,292,2664,242,2664
482,1322,534,1322,534,1374,482,1374
1760,2224,1806,2224,1806,2269,1760,2269
308,2142,358,2142,358,2192,308,2192
1700,2858,1749,2858,1749,2910,1700,2910
928,2275,977,2275,977,2324,928,2324
926,1215,976,1215,976,1259,926,1259
1353,2927,1397,2927,1397,2966,1353,2966
1993,2627,2044,2627,2044,2678,1993,2678
1993,2509,2044,2509,2044,2561,1993,2561
423,1265,471,1265,471,1318,423,1318
1819,1039,1867,1039,1867,1088,1819,1088
1014,802,1062,802,1062,851,1014,851
928,2389,974,2389,974,2434,928,2434
2045,2862,2099,2862,2099,2917,2045,2917
1934,1171,1980,1171,1980,1220,1934,1220
1821,980,1870,980,1870,1028,1821,1028
421,929,473,929,473,982,421,982
1348,2803,1402,2803,1402,2854,1348,2854
541,2269,593,2269,593,2321,541,2321
539,1034,593,1034,593,1080,539,1080
731,2854,782,2854,782,2903,731,2903
1233,2918,1283,2918,1283,2969,1233,2969
243,2909,292,2909,292,2960,243,2960
1813,3097,1863,3097,1863,3149,1813,3149
1696,2742,1748,2742,1748,2793,1696,2793
1645,1521,1692,1521,1692,1570,1645,1570
1821,866,1867,866,1867,909,1821,909
1993,940,2047,940,2047,987,1993,987
1761,1059,1806,1059,1806,1102,1761,1102
1645,1285,1693,1285,1693,1339,1645,1339
1755,3035,1807,3035,1807,3085,1755,3085
1105,3148,1156,3148,1156,3203,1105,3203
538,799,593,799,593,848,538,848
1761,820,1811,820,1811,871,1761,871
1292,2856,1342,2856,1342,2911,1292,2911
1355,2222,1403,2222,1403,2271,1355,2271
1547,915,1600,915,1600,969,1547,969
2055,2338,2103,2338,2103,2385,2055,2385
1760,1228,1812,1228,1812,1280,1760,1280
539,2506,586,2506,586,2551,539,2551
1039,2682,1090,2682,1090,2730,1039,2730
1931,2803,1983,2803,1983,2852,1931,2852
1700,528,1754,528,1754,580,1700,580
2052,2280,2102,2280,2102,2333,2052,2333
2053,1464,2103,1464,2103,1511,2053,1511
1937,2277,1989,2277,1989,2328,1937,2328
631,349,678,349,678,395,631,395
1410,3154,1455,3154,1455,3207,1410,3207
2060,2469,2097,2469,2097,2494,2060,2494
1535,3097,1585,3097,1585,3148,1535,3148
247,2208,296,2208,296,2257,247,2257
537,2794,587,2794,587,2845,537,2845
364,1787,412,1787,412,1833,364,1833
607,3149,656,3149,656,3192,607,3192
730,2560,783,2560,783,2612,730,2612
1701,1698,1748,1698,1748,1742,1701,1742
1936,648,1986,648,1986,698,1936,698
1489,1296,1538,1296,1538,1345,1489,1345
604,2856,650,2856,650,2903,604,2903
303,2421,344,2421,344,2461,303,2461
796,3149,845,3149,845,3196,796,3196
1994,2572,2045,2572,2045,2619,1994,2619
1993,471,2049,471,2049,522,1993,522
548,1574,586,1574,586,1591,548,1591
1644,588,1693,588,1693,637,1644,637
921,1731,973,1731,973,1779,921,1779
626,1612,679,1612,679,1666,626,1666
1756,2922,1806,2922,1806,2971,1756,2971
1295,2515,1344,2515,1344,2560,1295,2560
802,2805,847,2805,847,2843,802,2843
1758,2280,1808,2280,1808,2329,1758,2329
1177,2693,1226,2693,1226,2735,1177,2735
1930,2980,1981,2980,1981,3029,1930,3029
921,1559,976,1559,976,1608,921,1608
1353,2281,1405,2281,1405,2326,1353,2326
1354,2688,1400,2688,1400,2736,1354,2736
1758,2395,1805,2395,1805,2444,1758,2444
1946,1945,1982,1945,1982,1963,1946,1963
2053,1521,2104,1521,2104,1574,2053,1574
1695,2920,1747,2920,1747,2971,1695,2971
727,3202,781,3202,781,3253,727,3253
980,2625,1032,2625,1032,2676,980,2676
676,2216,726,2216,726,2262,676,2262
611,2151,654,2151,654,2197,611,2197
1935,1871,1988,1871,1988,1917,1935,1917
1938,589,1986,589,1986,636,1938,636
730,2736,782,2736,782,2786,730,2786
1994,1523,2044,1523,2044,1574,1994,1574
801,686,858,686,858,737,801,737
929,2629,969,2629,969,2667,929,2667
1939,2047,1985,2047,1985,2089,1939,2089
1233,2804,1283,2804,1283,2856,1233,2856
1355,2981,1397,2981,1397,3025,1355,3025
1533,3218,1585,3218,1585,3262,1533,3262
926,2506,976,2506,976,2558,926,2558
1534,2977,1584,2977,1584,3029,1534,3029
1762,765,1811,765,1811,815,1762,815
2052,1116,2102,1116,2102,1163,2052,1163
673,2271,726,2271,726,2322,673,2322
870,2390,919,2390,919,2437,870,2437
1701,2336,1748,2336,1748,2384,1701,2384
717,1787,761,1787,761,1824,717,1824
1234,2628,1284,2628,1284,2678,1234,2678
1488,1532,1539,1532,1539,1579,1488,1579
957,2153,1005,2153,1005,2199,957,2199
537,3201,586,3201,586,3249,537,3249
1880,704,1926,704,1926,751,1880,751
1991,2691,2043,2691,2043,2740,1991,2740
725,3085,778,3085,778,3137,725,3137
431,2294,474,2294,474,2334,431,2334
1430,1299,1480,1299,1480,1349,1430,1349
2053,878,2107,878,2107,932,2053,932
1696,3034,1747,3034,1747,3085,1696,3085
1353,3157,1401,3157,1401,3203,1353,3203
1009,1558,1059,1558,1059,1608,1009,1608
1700,1931,1750,1931,1750,1980,1700,1980
2040,3209,2096,3209,2096,3262,2040,3262
1532,2867,1584,2867,1584,2911,1532,2911
1554,1166,1595,1166,1595,1193,1554,1193
804,1500,853,1500,853,1550,804,1550
923,2735,974,2735,974,2787,923,2787
1349,2863,1399,2863,1399,2915,1349,2915
1411,2807,1455,2807,1455,2847,1411,2847
713,1087,768,1087,768,1141,713,1141
1647,1465,1690,1465,1690,1508,1647,1508
923,450,973,450,973,504,923,504
631,741,681,741,681,793,631,793
1295,2455,1344,2455,1344,2505,1295,2505
2049,2979,2095,2979,2095,3029,2049,3029
1039,2854,1091,2854,1091,2905,1039,2905
545,975,590,975,590,1024,545,1024
1695,3151,1746,3151,1746,3200,1695,3200
1377,599,1424,599,1424,637,1377,637
1701,2223,1749,2223,1749,2271,1701,2271
626,1494,678,1494,678,1549,626,1549
1041,3206,1092,3206,1092,3262,1041,3262
804,1677,853,1677,853,1724,804,1724
275,680,327,680,327,729,275,729
538,1150,591,1150,591,1199,538,1199
365,1524,407,1524,407,1565,365,1565
1647,1000,1691,1000,1691,1045,1647,1045
978,346,1029,346,1029,397,978,397
1189,2152,1242,2152,1242,2205,1189,2205
366,1610,407,1610,407,1650,366,1650
987,2569,1029,2569,1029,2607,987,2607
1761,1530,1813,1530,1813,1569,1761,1569
1239,2402,1284,2402,1284,2440,1239,2440
1993,1171,2047,1171,2047,1219,1993,1219
1761,1462,1811,1462,1811,1508,1761,1508
542,2325,590,2325,590,2378,542,2378
1996,2163,2043,2163,2043,2215,1996,2215
859,1444,917,1444,917,1491,859,1491
859,1207,914,1207,914,1259,859,1259
1932,2567,1984,2567,1984,2622,1932,2622
364,1265,414,1265,414,1315,364,1315
485,2387,530,2387,530,2431,485,2431
2051,1871,2105,1871,2105,1921,2051,1921
602,3203,655,3203,655,3251,602,3251
245,2673,293,2673,293,2722,245,2722
1698,2980,1745,2980,1745,3024,1698,3024
430,1211,468,1211,468,1256,430,1256
922,3092,968,3092,968,3138,922,3138
419,1003,469,1003,469,1053,419,1053
1640,2626,1687,2626,1687,2676,1640,2676
1877,526,1931,526,1931,580,1877,580
537,2970,588,2970,588,3020,537,3020
549,465,585,465,585,481,549,481
860,1381,915,1381,915,1433,860,1433
1431,1474,1478,1474,1478,1521,1431,1521
1641,1347,1691,1347,1691,1392,1641,1392
730,2969,780,2969,780,3018,730,3018
1762,2865,1804,2865,1804,2910,1762,2910
805,2218,848,2218,848,2277,805,2277
796,2854,850,2854,850,2905,796,2905
1351,2335,1399,2335,1399,2384,1351,2384
1988,3213,2038,3213,2038,3263,1988,3263
1181,2517,1225,2517,1225,2556,1181,2556
805,1562,856,1562,856,1613,805,1613
1997,1991,2047,1991,2047,2038,1997,2038
347,2294,389,2294,389,2332,347,2332
1107,2853,1158,2853,1158,2905,1107,2905
359,913,410,913,410,964,359,964
420,1731,472,1731,472,1779,420,1779
627,1789,673,1789,673,1832,627,1832
624,976,679,976,679,1024,624,1024
1932,2747,1979,2747,1979,2794,1932,2794
1817,1099,1869,1099,1869,1148,1817,1148
546,2155,600,2155,600,2191,546,2191
533,2684,589,2684,589,2725,533,2725
481,797,528,797,528,847,481,847
1814,1272,1871,1272,1871,1324,1814,1324
1821,634,1873,634,1873,685,1821,685
1643,2512,1687,2512,1687,2559,1643,2559
1041,2627,1089,2627,1089,2671,1041,2671
1489,1238,1535,1238,1535,1290,1489,1290
1816,2395,1866,2395,1866,2443,1816,2443
1819,2570,1863,2570,1863,2621,1819,2621
2055,2937,2091,2937,2091,2954,2055,2954
1643,1228,1690,1228,1690,1275,1643,1275
540,1091,589,1091,589,1141,540,1141
594,2368,666,2368,666,2426,594,2426
1702,1346,1752,1346,1752,1396,1702,1396
1535,2748,1585,2748,1585,2793,1535,2793
1294,2630,1341,2630,1341,2676,1294,2676
1936,824,1987,824,1987,871,1936,871
482,2272,533,2272,533,2320,482,2320
1409,2743,1458,2743,1458,2797,1409,2797
804,625,855,625,855,679,804,679
483,2209,531,2209,531,2259,483,2259
1701,2516,1748,2516,1748,2564,1701,2564
1414,2339,1462,2339,1462,2385,1414,2385
1681,343,1733,343,1733,399,1681,399
1995,996,2043,996,2043,1048,1995,1048
1007,1441,1063,1441,1063,1493,1007,1493
1875,1050,1929,1050,1929,1102,1875,1102
718,452,767,452,767,500,718,500
1701,2453,1748,2453,1748,2500,1701,2500
792,2597,864,2597,864,2659,792,2659
1996,2049,2046,2049,2046,2098,1996,2098
1425,2102,1481,2102,1481,2133,1425,2133
795,2371,858,2371,858,2423,795,2423
765,1866,845,1866,845,1945,765,1945
259,1960,292,1960,292,2006,259,2006
1487,857,1540,857,1540,908,1487,908
534,2909,586,2909,586,2961,534,2961
1821,516,1869,516,1869,566,1821,566
800,3031,847,3031,847,3081,800,3081
730,3029,781,3029,781,3080,730,3080
422,1435,474,1435,474,1488,422,1488
1702,1058,1748,1058,1748,1100,1702,1100
543,2389,586,2389,586,2431,543,2431
478,856,527,856,527,908,478,908
2004,1945,2045,1945,2045,1970,2004,1970
1646,1928,1691,1928,1691,1977,1646,1977
1759,1812,1808,1812,1808,1859,1759,1859
1936,2103,1988,2103,1988,2152,1936,2152
482,1499,531,1499,531,1544,482,1544
984,3210,1027,3210,1027,3258,984,3258
1041,3030,1091,3030,1091,3082,1041,3082
872,698,911,698,911,724,872,724
1944,1245,1980,1245,1980,1261,1944,1261
547,694,585,694,585,721,547,721
426,1786,472,1786,472,1825,426,1825
481,1033,528,1033,528,1084,481,1084
1942,1650,1983,1650,1983,1678,1942,1678
732,2799,779,2799,779,2842,732,2842
1410,2393,1460,2393,1460,2446,1410,2446
1487,450,1540,450,1540,505,1487,505
626,1091,676,1091,676,1142,626,1142
987,2280,1031,2280,1031,2318,987,2318
276,794,327,794,327,846,276,846
1944,950,1980,950,1980,975,1944,975
1995,1578,2042,1578,2042,1629,1995,1629
1466,3097,1517,3097,1517,3147,1466,3147
2001,2226,2042,2226,2042,2267,2001,2267
1113,2802,1157,2802,1157,2846,1113,2846
1702,1404,1749,1404,1749,1456,1702,1456
423,858,470,858,470,907,423,907
1356,2520,1400,2520,1400,2556,1356,2556
1646,768,1690,768,1690,813,1646,813
1703,1636,1750,1636,1750,1684,1703,1684
805,744,855,744,855,795,805,795
2053,1636,2103,1636,2103,1688,2053,1688
1350,3041,1397,3041,1397,3088,1350,3088
1641,1634,1693,1634,1693,1688,1641,1688
1291,3038,1340,3038,1340,3086,1291,3086
869,2682,912,2682,912,2729,869,2729
1107,2735,1161,2735,1161,2787,1107,2787
628,916,680,916,680,967,628,967
1532,3158,1586,3158,1586,3208,1532,3208
1699,702,1750,702,1750,754,1699,754
1704,765,1748,765,1748,813,1704,813
1410,3047,1456,3047,1456,3090,1410,3090
369,1394,410,1394,410,1434,369,1434
1759,2804,1803,2804,1803,2850,1759,2850
627,625,679,625,679,677,627,677
1050,2798,1087,2798,1087,2848,1050,2848
2002,596,2038,596,2038,630,2002,630
1640,2280,1687,2280,1687,2328,1640,2328
1641,1108,1694,1108,1694,1165,1641,1165
731,2499,785,2499,785,2555,731,2555
1999,1641,2044,1641,2044,1685,1999,1685
1995,1813,2046,1813,2046,1860,1995,1860
717,800,767,800,767,848,717,848
734,2275,783,2275,783,2317,734,2317
1111,3214,1155,3214,1155,3255,1111,3255
1759,2457,1807,2457,1807,2505,1759,2505
600,2969,655,2969,655,3020,600,3020
1758,530,1812,530,1812,581,1758,581
1996,2279,2045,2279,2045,2326,1996,2326
1410,3097,1460,3097,1460,3145,1410,3145
1645,2454,1690,2454,1690,2502,1645,2502
1706,1991,1746,1991,1746,2037,1706,2037
1638,2801,1689,2801,1689,2850,1638,2850
603,2798,651,2798,651,2846,603,2846
1356,2746,1396,2746,1396,2794,1356,2794
1546,740,1600,740,1600,793,1546,793
1877,997,1930,997,1930,1045,1877,1045
1243,2570,1281,2570,1281,2620,1243,2620
1546,797,1601,797,1601,851,1546,851
1329,344,1382,344,1382,395,1329,395
803,2916,843,2916,843,2961,803,2961
1550,509,1598,509,1598,559,1550,559
539,739,589,739,589,792,539,792
546,626,584,626,584,665,546,665
612,2216,652,2216,652,2273,612,2273
1487,919,1537,919,1537,967,1487,967
1877,644,1929,644,1929,696,1877,696
1704,1293,1747,1293,1747,1334,1704,1334
1469,3040,1519,3040,1519,3087,1469,3087
1760,705,1811,705,1811,756,1760,756
987,2743,1029,2743,1029,2788,987,2788
924,1329,973,1329,973,1375,924,1375
1049,3150,1087,3150,1087,3199,1049,3199
1885,1242,1919,1242,1919,1266,1885,1266
1234,2978,1282,2978,1282,3027,1234,3027
1759,1404,1809,1404,1809,1453,1759,1453
2062,1946,2100,1946,2100,1969,2062,1969
724,576,761,576,761,607,724,607
542,3150,579,3150,579,3194,542,3194
633,698,672,698,672,725,633,725
798,2680,850,2680,850,2733,798,2733
1079,2152,1125,2152,1125,2201,1079,2201
1940,2698,1976,2698,1976,2730,1940,2730
1642,877,1693,877,1693,930,1642,930
1489,1646,1537,1646,1537,1699,1489,1699
421,1671,471,1671,471,1721,421,1721
544,1323,591,1323,591,1376,544,1376
1043,3088,1088,3088,1088,3141,1043,3141
873,2276,918,2276,918,2321,873,2321
1356,3099,1397,3099,1397,3144,1356,3144
478,2328,533,2328,533,2375,478,2375
1704,1229,1749,1229,1749,1281,1704,1281
1305,2159,1358,2159,1358,2202,1305,2202
2003,716,2039,716,2039,747,2003,747
800,2977,844,2977,844,3021,800,3021
245,2263,299,2263,299,2320,245,2320
1643,1579,1691,1579,1691,1626,1643,1626
1487,625,1539,625,1539,676,1487,676
1818,693,1869,693,1869,741,1818,741
1702,2630,1741,2630,1741,2675,1702,2675
627,799,680,799,680,848,627,848
679,2502,722,2502,722,2558,679,2558
2059,1999,2097,1999,2097,2027,2059,2027
1704,592,1750,592,1750,636,1704,636
492,1453,528,1453,528,1471,492,1471
2060,2410,2096,2410,2096,2438,2060,2438
678,2332,723,2332,723,2377,678,2377
1485,801,1536,801,1536,849,1485,849
1009,1329,1058,1329,1058,1376,1009,1376
244,2565,294,2565,294,2610,244,2610
1297,2398,1341,2398,1341,2440,1297,2440
1641,1402,1692,1402,1692,1450,1641,1450
1937,3166,1974,3166,1974,3196,1937,3196
627,1380,678,1380,678,1434,627,1434
1430,1240,1477,1240,1477,1290,1430,1290
1554,1419,1594,1419,1594,1458,1554,1458
607,2686,653,2686,653,2724,607,2724
1113,2685,1155,2685,1155,2728,1113,2728
484,1383,531,1383,531,1430,484,1430
1435,1533,1479,1533,1479,1580,1435,1580
361,1151,415,1151,415,1201,361,1201
729,2160,771,2160,771,2196,729,2196
1761,2575,1805,2575,1805,2618,1761,2618
1821,1212,1866,1212,1866,1263,1821,1263
1020,2149,1065,2149,1065,2204,1020,2204
1760,1985,1810,1985,1810,2036,1760,2036
1288,2801,1343,2801,1343,2850,1288,2850
1008,1381,1059,1381,1059,1434,1008,1434
1764,1349,1808,1349,1808,1393,1764,1393
1353,2572,1397,2572,1397,2619,1353,2619
1177,2916,1218,2916,1218,2968,1177,2968
1012,1268,1060,1268,1060,1316,1012,1316
1416,2458,1459,2458,1459,2504,1416,2504
928,3211,963,3211,963,3254,928,3254
631,512,679,512,679,552,631,552
1941,2874,1975,2874,1975,2907,1941,2907
805,1733,851,1733,851,1781,805,1781
786,2146,835,2146,835,2196,786,2196
2006,1712,2040,1712,2040,1729,2006,1729
1757,1168,1809,1168,1809,1222,1757,1222
1761,2105,1810,2105,1810,2152,1761,2152
1643,2569,1689,2569,1689,2619,1643,2619
638,1573,671,1573,671,1588,638,1588
982,2683,1030,2683,1030,2734,982,2734
989,2971,1026,2971,1026,3021,989,3021
1639,2686,1686,2686,1686,2737,1639,2737
925,2680,970,2680,970,2730,925,2730
1290,3152,1342,3152,1342,3204,1290,3204
1236,2458,1284,2458,1284,2501,1236,2501
734,2330,783,2330,783,2379,734,2379
1760,1753,1809,1753,1809,1804,1760,1804
490,757,525,757,525,772,490,772
1945,2171,1980,2171,1980,2203,1945,2203
377,2150,408,2150,408,2189,377,2189
1700,877,1752,877,1752,929,1700,929
1759,1115,1808,1115,1808,1158,1759,1158
548,573,579,573,579,602,548,602
718,624,765,624,765,672,718,672
636,1280,675,1280,675,1309,636,1309
1694,3095,1744,3095,1744,3145,1694,3145
1641,2101,1693,2101,1693,2155,1641,2155
1045,2286,1090,2286,1090,2324,1045,2324
484,2560,525,2560,525,2611,484,2611
1548,1646,1594,1646,1594,1695,1548,1695
1706,1002,1746,1002,1746,1047,1706,1047
1045,2448,1088,2448,1088,2497,1045,2497
1111,3031,1159,3031,1159,3082,1111,3082
1115,2221,1156,2221,1156,2282,1115,2282
1997,1290,2045,1290,2045,1338,1997,1338
1363,3215,1398,3215,1398,3264,1363,3264
306,2254,344,2254,344,2289,306,2289
1369,2157,1414,2157,1414,2201,1369,2201
1987,3039,2045,3039,2045,3086,1987,3086
1503,2104,1550,2104,1550,2138,1503,2138
1295,3212,1339,3212,1339,3263,1295,3263
728,1687,762,1687,762,1708,728,1708
302,2295,341,2295,341,2331,302,2331
1431,1355,1478,1355,1478,1405,1431,1405
1699,3213,1745,3213,1745,3258,1699,3258
364,1672,410,1672,410,1722,364,1722
2000,2819,2039,2819,2039,2845,2000,2845
2005,2753,2037,2753,2037,2788,2005,2788
1760,878,1809,878,1809,929,1760,929
1706,1812,1749,1812,1749,1858,1706,1858
1477,2227,1518,2227,1518,2271,1477,2271
1704,1172,1750,1172,1750,1219,1704,1219
2059,2762,2095,2762,2095,2779,2059,2779
302,2209,344,2209,344,2248,302,2248
862,856,916,856,916,908,862,908
1299,2278,1341,2278,1341,2327,1299,2327
805,804,852,804,852,850,805,850
1234,2512,1283,2512,1283,2561,1234,2561
923,2567,977,2567,977,2612,923,2612
1490,684,1537,684,1537,732,1490,732
1696,472,1753,472,1753,517,1696,517
1643,2339,1691,2339,1691,2381,1643,2381
367,1570,405,1570,405,1602,367,1602
714,916,768,916,768,967,714,967
1410,2686,1461,2686,1461,2736,1410,2736
1640,1172,1691,1172,1691,1218,1640,1218
1237,2277,1290,2277,1290,2326,1237,2326
1647,1754,1691,1754,1691,1797,1647,1797
1704,2107,1744,2107,1744,2152,1704,2152
1232,2337,1287,2337,1287,2382,1232,2382
433,2425,475,2425,475,2465,433,2465
1469,2861,1520,2861,1520,2913,1469,2913
716,1561,765,1561,765,1608,716,1608
391,2381,428,2381,428,2418,391,2418
1937,1751,1986,1751,1986,1803,1937,1803
1489,566,1538,566,1538,618,1489,618
635,1220,670,1220,670,1248,635,1248
542,506,589,506,589,558,542,558
2055,1757,2104,1757,2104,1809,2055,1809
1042,2915,1086,2915,1086,2964,1042,2964
1412,2570,1456,2570,1456,2619,1412,2619
1237,3217,1276,3217,1276,3262,1237,3262
1643,2160,1690,2160,1690,2209,1643,2209
802,1150,853,1150,853,1202,802,1202
1007,1504,1057,1504,1057,1549,1007,1549
1643,1871,1690,1871,1690,1918,1643,1918
1294,2978,1341,2978,1341,3026,1294,3026
932,758,972,758,972,785,932,785
1945,2232,1985,2232,1985,2258,1945,2258
814,1220,849,1220,849,1251,814,1251
487,2505,521,2505,521,2550,487,2550
1644,1989,1687,1989,1687,2035,1644,2035
932,2451,978,2451,978,2495,932,2495
736,2215,784,2215,784,2259,736,2259
1995,1756,2045,1756,2045,1806,1995,1806
862,1497,915,1497,915,1532,862,1532
2058,1182,2094,1182,2094,1213,2058,1213
392,2425,427,2425,427,2461,392,2461
244,3023,293,3023,293,3072,244,3072
814,1279,850,1279,850,1313,814,1313
1646,531,1695,531,1695,581,1646,581
2005,2466,2035,2466,2035,2497,2005,2497
1549,1531,1595,1531,1595,1577,1549,1577
1763,593,1812,593,1812,638,1763,638
1246,2224,1281,2224,1281,2268,1246,2268
873,1341,911,1341,911,1367,873,1367
248,1671,341,1671,341,1770,248,1770
1703,1754,1750,1754,1750,1800,1703,1800
876,2331,915,2331,915,2378,876,2378
906,2152,946,2152,946,2200,906,2200
930,931,963,931,963,959,930,959
1643,938,1686,938,1686,988,1643,988
815,465,849,465,849,484,815,484
1879,1109,1929,1109,1929,1157,1879,1157
1469,2399,1519,2399,1519,2446,1469,2446
545,2218,591,2218,591,2257,545,2257
1944,543,1983,543,1983,572,1944,572
259,2092,293,2092,293,2124,259,2124
344,2383,386,2383,386,2418,344,2418
716,683,766,683,766,734,716,734
1300,2338,1344,2338,1344,2384,1300,2384
994,2219,1028,2219,1028,2262,994,2262
865,1093,911,1093,911,1140,865,1140
1469,2570,1517,2570,1517,2621,1469,2621
630,1151,682,1151,682,1200,630,1200
543,2445,589,2445,589,2494,543,2494
1637,2746,1688,2746,1688,2792,1637,2792
1994,2876,2032,2876,2032,2904,1994,2904
1702,2162,1750,2162,1750,2212,1702,2212
863,1792,910,1792,910,1840,863,1840
1472,2458,1514,2458,1514,2503,1472,2503
1703,1111,1750,1111,1750,1161,1703,1161
1473,2978,1513,2978,1513,3028,1473,3028
435,2385,474,2385,474,2419,435,2419
984,2915,1031,2915,1031,2964,984,2964
1541,2158,1592,2158,1592,2207,1541,2207
1430,2164,1477,2164,1477,2201,1430,2201
1541,2228,1582,2228,1582,2270,1541,2270
601,2515,671,2515,671,2576,601,2576
933,1517,965,1517,965,1532,933,1532
2064,1357,2097,1357,2097,1387,2064,1387
921,1790,973,1790,973,1842,921,1842
1182,2222,1227,2222,1227,2268,1182,2268
1110,1868,1189,1868,1189,1913,1110,1913
1157,553,1196,553,1196,590,1157,590
1473,3161,1515,3161,1515,3205,1473,3205
1763,1930,1808,1930,1808,1975,1763,1975
639,1041,671,1041,671,1075,639,1075
1295,2924,1338,2924,1338,2963,1295,2963
927,2973,967,2973,967,3020,927,3020
1240,3040,1274,3040,1274,3086,1240,3086
492,1099,526,1099,526,1130,492,1130
1486,740,1540,740,1540,793,1486,793
929,1627,967,1627,967,1660,929,1660
639,1453,671,1453,671,1481,639,1481
717,1732,768,1732,768,1781,717,1781
543,927,580,927,580,955,543,955
1643,472,1693,472,1693,523,1643,523
874,2505,914,2505,914,2554,874,2554
551,1452,583,1452,583,1477,551,1477
1213,342,1265,342,1265,397,1213,397
371,1211,407,1211,407,1258,371,1258
1999,1353,2037,1353,2037,1387,1999,1387
2060,482,2096,482,2096,517,2060,517
1934,1521,1985,1521,1985,1571,1934,1571
1468,2634,1511,2634,1511,2680,1468,2680
1645,1057,1689,1057,1689,1096,1645,1096
429,1151,474,1151,474,1201,429,1201
1703,1874,1747,1874,1747,1919,1703,1919
995,2392,1030,2392,1030,2442,995,2442
1180,3153,1220,3153,1220,3198,1180,3198
1878,1287,1925,1287,1925,1334,1878,1334
2057,1063,2093,1063,2093,1101,2057,1101
865,799,913,799,913,850,865,850
1996,645,2045,645,2045,698,1996,698
1707,2571,1747,2571,1747,2619,1707,2619
349,2341,386,2341,386,2375,349,2375
864,570,913,570,913,616,864,616
1178,3101,1222,3101,1222,3141,1178,3141
1364,2459,1394,2459,1394,2503,1364,2503
1240,2866,1275,2866,1275,2912,1240,2912
1762,937,1807,937,1807,983,1762,983
1476,2751,1509,2751,1509,2792,1476,2792
551,1396,584,1396,584,1425,551,1425
1999,765,2044,765,2044,811,1999,811
2003,1124,2040,1124,2040,1151,2003,1151
1417,3212,1456,3212,1456,3261,1417,3261
372,1437,408,1437,408,1477,372,1477
1761,1699,1807,1699,1807,1745,1761,1745
858,344,911,344,911,393,858,393
1183,2981,1217,2981,1217,3025,1183,3025
1143,2160,1173,2160,1173,2198,1143,2198
1246,3156,1280,3156,1280,3205,1246,3205
813,1800,846,1800,846,1830,813,1830
1887,944,1921,944,1921,976,1887,976
1180,2450,1227,2450,1227,2502,1180,2502
926,1442,973,1442,973,1493,926,1493
539,2623,585,2623,585,2669,539,2669
1939,997,1985,997,1985,1038,1939,1038
874,461,904,461,904,493,874,493
1946,1058,1975,1058,1975,1098,1946,1098
1045,2505,1087,2505,1087,2558,1045,2558
1942,2639,1975,2639,1975,2669,1942,2669
928,1159,973,1159,973,1197,928,1197
1640,2396,1689,2396,1689,2446,1640,2446
1945,1414,1979,1414,1979,1443,1945,1443
988,3156,1023,3156,1023,3200,988,3200
924,1094,971,1094,971,1142,924,1142
716,506,769,506,769,556,716,556
1243,2691,1281,2691,1281,2731,1243,2731
1938,2463,1976,2463,1976,2496,1938,2496
1184,2631,1219,2631,1219,2672,1184,2672
492,689,522,689,522,724,492,724
1490,2158,1529,2158,1529,2210,1490,2210
1641,705,1697,705,1697,754,1641,754
811,1397,845,1397,845,1421,811,1421
1949,482,1980,482,1980,514,1949,514
2061,1241,2095,1241,2095,1271,2061,1271
2003,835,2038,835,2038,866,2003,866
1261,2161,1292,2161,1292,2199,1261,2199
684,1328,713,1328,713,1355,684,1355
864,1737,912,1737,912,1782,864,1782
2004,1412,2034,1412,2034,1446,2004,1446
1474,2688,1516,2688,1516,2736,1474,2736
494,1159,524,1159,524,1191,494,1191
1537,2689,1582,2689,1582,2736,1537,2736
932,982,967,982,967,1019,932,1019
2061,772,2097,772,2097,806,2061,806
2005,2354,2042,2354,2042,2380,2005,2380
1010,1618,1056,1618,1056,1664,1010,1664
802,3091,842,3091,842,3138,802,3138
1702,2397,1747,2397,1747,2442,1702,2442
921,1270,971,1270,971,1320,921,1320
1243,3096,1280,3096,1280,3146,1243,3146
1759,2045,1809,2045,1809,2092,1759,2092
1467,3216,1520,3216,1520,3265,1467,3265
347,2423,385,2423,385,2463,347,2463
1478,2518,1508,2518,1508,2559,1478,2559
373,865,403,865,403,904,373,904
934,635,962,635,962,669,934,669
1098,348,1143,348,1143,391,1098,391
933,2798,970,2798,970,2845,933,2845
1557,1367,1589,1367,1589,1396,1557,1396
1704,825,1749,825,1749,867,1704,867
1190,2569,1224,2569,1224,2617,1190,2617
2061,601,2092,601,2092,631,2061,631
1948,1822,1979,1822,1979,1851,1948,1851
1877,820,1929,820,1929,868,1877,868
1997,3164,2029,3164,2029,3194,1997,3194
437,2339,472,2339,472,2375,437,2375
303,2336,340,2336,340,2374,303,2374
493,930,523,930,523,945,493,945
353,1928,391,1928,391,1965,353,1965
2063,2580,2093,2580,2093,2610,2063,2610
978,3094,1029,3094,1029,3142,978,3142
1940,3104,1970,3104,1970,3139,1940,3139
350,2207,387,2207,387,2246,350,2246
727,1044,760,1044,760,1076,727,1076
639,869,668,869,668,897,639,897
1303,2570,1339,2570,1339,2618,1303,2618
942,2217,964,2217,964,2264,942,2264
873,1632,903,1632,903,1657,873,1657
2064,1708,2094,1708,2094,1737,2064,1737
1474,2343,1517,2343,1517,2385,1474,2385
681,2449,713,2449,713,2494,681,2494
260,2041,294,2041,294,2092,260,2092
871,2582,917,2582,917,2604,871,2604
871,1281,905,1281,905,1310,871,1310
725,1628,760,1628,760,1656,725,1656
874,1167,904,1167,904,1184,874,1184
1556,1250,1589,1250,1589,1279,1556,1279
986,2861,1027,2861,1027,2906,986,2906
2141,3117,2172,3117,2172,3159,2141,3159
1360,2400,1393,2400,1393,2443,1360,2443
1187,3209,1212,3209,1212,3260,1187,3260
2270,3084,2298,3084,2298,3121,2270,3121
1413,2226,1459,2226,1459,2272,1413,2272
303,2381,342,2381,342,2419,303,2419
493,1220,531,1220,531,1242,493,1242
985,2453,1035,2453,1035,2499,985,2499
872,638,908,638,908,667,872,667
1445,347,1493,347,1493,396,1445,396
1299,3102,1339,3102,1339,3145,1299,3145
2067,2060,2095,2060,2095,2091,2067,2091
1642,2044,1693,2044,1693,2094,1642,2094
2067,2229,2099,2229,2099,2262,2067,2262
1647,1699,1690,1699,1690,1745,1647,1745
2004,2930,2031,2930,2031,2959,2004,2959
875,754,902,754,902,782,875,782
931,2917,966,2917,966,2962,931,2962
2063,1831,2100,1831,2100,1848,2063,1848
1704,2046,1749,2046,1749,2089,1704,2089
1306,2746,1342,2746,1342,2795,1306,2795
1644,2223,1687,2223,1687,2266,1644,2266
801,1090,856,1090,856,1144,801,1144
939,2334,973,2334,973,2380,939,2380
628,1677,675,1677,675,1722,628,1722
1043,2216,1092,2216,1092,2262,1043,2262
492,1562,522,1562,522,1597,492,1597
813,518,850,518,850,549,813,549
719,976,766,976,766,1024,719,1024
350,2253,386,2253,386,2293,350,2293
2003,1242,2035,1242,2035,1268,2003,1268
1757,1639,1812,1639,1812,1686,1757,1686
685,1036,711,1036,711,1064,685,1064
1703,1466,1750,1466,1750,1512,1703,1512
2061,1416,2096,1416,2096,1447,2061,1447
1705,1579,1751,1579,1751,1628,1705,1628
803,980,850,980,850,1028,803,1028
1184,2801,1220,2801,1220,2851,1184,2851
1045,2978,1082,2978,1082,3023,1045,3023
1040,2586,1089,2586,1089,2618,1040,2618
493,2145,534,2145,534,2194,493,2194
1562,1041,1586,1041,1586,1072,1562,1072
441,2207,474,2207,474,2244,441,2244
1041,2389,1095,2389,1095,2442,1041,2442
716,1497,767,1497,767,1542,716,1542
878,2626,908,2626,908,2667,878,2667
810,1341,849,1341,849,1367,810,1367
606,2619,670,2619,670,2657,606,2657
433,2253,475,2253,475,2288,433,2288
1301,2688,1341,2688,1341,2733,1301,2733
930,1051,969,1051,969,1077,930,1077
1102,2372,1167,2372,1167,2428,1102,2428
1417,2631,1450,2631,1450,2675,1417,2675
424,2998,470,2998,470,3054,424,3054
1578,1208,1597,1208,1597,1225,1578,1225
1467,2280,1520,2280,1520,2330,1467,2330
422,3104,475,3104,475,3163,422,3163
685,1211,712,1211,712,1239,685,1239
1384,494,1426,494,1426,545,1384,545
1323,884,1352,884,1352,912,1323,912
1115,2630,1169,2630,1169,2661,1115,2661
1937,3049,1971,3049,1971,3079,1937,3079
1705,1523,1748,1523,1748,1568,1705,1568
1942,715,1983,715,1983,748,1942,748
813,577,848,577,848,611,813,611
936,573,966,573,966,612,936,612
1564,982,1591,982,1591,1021,1564,1021
1945,2001,1979,2001,1979,2018,1945,2018
727,1223,765,1223,765,1248,727,1248
394,2206,434,2206,434,2245,394,2245
367,1479,405,1479,405,1519,367,1519
1301,2225,1340,2225,1340,2269,1301,2269
1948,1357,1977,1357,1977,1384,1948,1384
2007,1882,2036,1882,2036,1912,2007,1912
885,2215,907,2215,907,2263,885,2263
1411,2513,1460,2513,1460,2560,1411,2560
873,1569,905,1569,905,1598,873,1598
2006,2120,2039,2120,2039,2138,2006,2138
1948,892,1974,892,1974,922,1948,922
2061,2530,2095,2530,2095,2547,2061,2547
2061,3106,2087,3106,2087,3136,2061,3136
882,2739,902,2739,902,2790,882,2790
1954,774,1970,774,1970,803,1954,803
1185,3039,1214,3039,1214,3084,1185,3084
872,1691,912,1691,912,1716,872,1716
1951,2523,1970,2523,1970,2555,1951,2555
1473,2806,1514,2806,1514,2852,1473,2852
1944,3228,1965,3228,1965,3254,1944,3254
990,2509,1032,2509,1032,2540,990,2540
1566,1101,1585,1101,1585,1136,1566,1136
1938,1587,1976,1587,1976,1617,1938,1617
691,2389,712,2389,712,2437,691,2437
727,1162,758,1162,758,1188,727,1188
724,1277,761,1277,761,1306,724,1306
1133,2592,1171,2592,1171,2633,1133,2633
733,870,757,870,757,897,733,897
1885,1184,1919,1184,1919,1210,1885,1210
1054,2337,1088,2337,1088,2380,1054,2380
2007,2986,2028,2986,2028,3024,2007,3024
1367,2629,1390,2629,1390,2678,1367,2678
813,1048,845,1048,845,1079,813,1079
1892,890,1913,890,1913,921,1892,921
557,1219,576,1219,576,1246,557,1246
1888,777,1919,777,1919,793,1888,793
637,1340,669,1340,669,1357,637,1357
497,457,524,457,524,491,497,491
550,1514,583,1514,583,1540,550,1540
816,871,844,871,844,899,816,899
1178,2339,1227,2339,1227,2375,1178,2375
1125,2524,1171,2524,1171,2582,1125,2582
1954,1469,1974,1469,1974,1504,1954,1504
932,522,967,522,967,541,932,541
600,867,619,867,619,887,600,887
559,865,578,865,578,896,559,896
880,932,903,932,903,948,880,948
396,2342,430,2342,430,2370,396,2370
1425,2283,1452,2283,1452,2329,1425,2329
640,1742,665,1742,665,1767,640,1767
2068,2637,2088,2637,2088,2668,2068,2668
723,1392,761,1392,761,1426,723,1426
1459,1938,1489,1938,1489,1971,1459,1971
2064,955,2097,955,2097,972,2064,972
260,1928,286,1928,286,1950,260,1950
393,2295,427,2295,427,2332,393,2332
950,878,971,878,971,894,950,894
605,2929,658,2929,658,2943,605,2943
1187,2296,1214,2296,1214,2323,1187,2323
832,2062,860,2062,860,2086,832,2086
1320,843,1351,843,1351,876,1320,876
498,1279,515,1279,515,1303,498,1303
297,1928,338,1928,338,1960,297,1960
2350,413,2388,413,2388,443,2350,443
302,2093,340,2093,340,2124,302,2124
814,1458,847,1458,847,1482,814,1482
1888,483,1921,483,1921,513,1888,513
939,692,961,692,961,730,939,730
1955,2401,1974,2401,1974,2436,1955,2436
1573,1298,1597,1298,1597,1314,1573,1314
1699,2280,1747,2280,1747,2330,1699,2330
932,816,961,816,961,844,932,844
735,1452,752,1452,752,1483,735,1483
687,1445,710,1445,710,1468,687,1468
731,1336,755,1336,755,1363,731,1363
1561,1937,1586,1937,1586,1961,1561,1961
686,1384,711,1384,711,1413,686,1413
1163,629,1189,629,1189,649,1163,649
776,1674,797,1674,797,1692,776,1692
1229,858,1269,858,1269,892,1229,892
683,1270,710,1270,710,1298,683,1298
1561,2111,1583,2111,1583,2136,1561,2136
1511,1939,1550,1939,1550,1971,1511,1971
1102,2293,1167,2293,1167,2358,1102,2358
776,1791,797,1791,797,1814,776,1814
776,1615,795,1615,795,1634,776,1634
869,1521,915,1521,915,1551,869,1551
686,979,710,979,710,1004,686,1004
354,2089,396,2089,396,2125,354,2125
