158,868,260,868,260,981,158,981
670,1832,720,1832,720,1884,670,1884
676,1138,727,1138,727,1187,676,1187
1937,1956,2010,1956,2010,2024,1937,2024
1938,1769,2009,1769,2009,1833,1938,1833
676,1664,723,1664,723,1708,676,1708
675,960,729,960,729,1011,675,1011
1940,857,2015,857,2015,925,1940,925
674,1484,727,1484,727,1534,674,1534
624,3145,676,3145,676,3166,624,3166
519,756,612,756,612,776,519,776
1941,1615,2011,1615,2011,1680,1941,1680
387,3114,442,3114,442,3165,387,3165
1771,3087,1843,3087,1843,3104,1771,3104
379,2467,434,2467,434,2523,379,2523
382,2356,432,2356,432,2407,382,2407
1770,3018,1837,3018,1837,3081,1770,3081
1725,472,1828,472,1828,560,1725,560
677,1251,727,1251,727,1302,677,1302
151,2387,257,2387,257,2497,151,2497
1602,468,1704,468,1704,563,1602,563
686,1204,715,1204,715,1233,686,1233
734,1456,785,1456,785,1475,734,1475
1945,708,2010,708,2010,772,1945,772
381,2122,433,2122,433,2174,381,2174
1625,2674,1701,2674,1701,2735,1625,2735
1934,2033,2011,2033,2011,2101,1934,2101
1432,1083,1487,1083,1487,1133,1432,1133
321,2503,378,2503,378,2523,321,2523
390,3057,441,3057,441,3106,390,3106
175,1712,229,1712,229,1766,175,1766
1630,2822,1702,2822,1702,2886,1630,2886
1722,2068,1794,2068,1794,2131,1722,2131
1711,1615,1754,1615,1754,1633,1711,1633
1933,2184,2004,2184,2004,2250,1933,2250
1933,2671,2007,2671,2007,2741,1933,2741
1630,2142,1699,2142,1699,2208,1630,2208
687,1436,717,1436,717,1467,687,1467
1812,2288,1885,2288,1885,2359,1812,2359
1809,2515,1883,2515,1883,2582,1809,2582
160,756,254,756,254,860,160,860
1942,1313,2014,1313,2014,1378,1942,1378
1769,2943,1838,2943,1838,3011,1769,3011
1941,1234,2013,1234,2013,1301,1941,1301
1940,1011,2012,1011,2012,1077,1940,1077
1812,2442,1879,2442,1879,2510,1812,2510
1811,2216,1886,2216,1886,2284,1811,2284
1933,2602,2005,2602,2005,2666,1933,2666
1940,1690,2011,1690,2011,1758,1940,1758
1812,2139,1886,2139,1886,2209,1812,2209
1632,2896,1702,2896,1702,2966,1632,2966
674,935,729,935,729,955,674,955
617,2797,668,2797,668,2816,617,2816
1203,3033,1260,3033,1260,3085,1203,3085
1199,1055,1255,1055,1255,1107,1199,1107
266,1049,323,1049,323,1095,266,1095
1627,2290,1701,2290,1701,2361,1627,2361
1934,2293,2003,2293,2003,2362,1934,2362
1630,2747,1702,2747,1702,2814,1630,2814
1933,2522,2000,2522,2000,2585,1933,2585
1946,1544,2006,1544,2006,1606,1946,1606
500,2796,554,2796,554,2847,500,2847
444,582,501,582,501,631,444,631
386,755,440,755,440,803,386,803
1723,2448,1787,2448,1787,2509,1723,2509
268,930,323,930,323,977,268,977
380,2181,433,2181,433,2233,380,2233
1325,534,1378,534,1378,582,1325,582
779,290,838,290,838,340,779,340
1813,2061,1886,2061,1886,2134,1813,2134
321,1685,378,1685,378,1706,321,1706
380,2587,435,2587,435,2642,380,2642
1940,1461,2014,1461,2014,1531,1940,1531
1720,2141,1790,2141,1790,2210,1720,2210
1633,2365,1701,2365,1701,2437,1633,2437
383,991,438,991,438,1040,383,1040
738,1227,788,1227,788,1273,738,1273
1254,2625,1312,2625,1312,2676,1254,2676
1936,1875,2011,1875,2011,1947,1936,1947
1311,2394,1366,2394,1366,2441,1311,2441
497,1454,553,1454,553,1503,497,1503
1937,2108,2004,2108,2004,2171,1937,2171
1380,2975,1433,2975,1433,3028,1380,3028
1252,1986,1305,1986,1305,2034,1252,2034
790,2392,842,2392,842,2436,790,2436
1372,2628,1429,2628,1429,2679,1372,2679
266,695,324,695,324,752,266,752
1943,1387,2012,1387,2012,1452,1943,1452
497,1511,552,1511,552,1559,497,1559
1628,2218,1698,2218,1698,2286,1628,2286
561,2967,614,2967,614,3023,561,3023
172,2064,229,2064,229,2110,172,2110
911,3030,967,3030,967,3082,911,3082
1709,1582,1754,1582,1754,1600,1709,1600
382,698,438,698,438,747,382,747
1260,1115,1314,1115,1314,1167,1260,1167
1634,2065,1704,2065,1704,2130,1634,2130
1935,2443,2003,2443,2003,2514,1935,2514
1723,2368,1791,2368,1791,2437,1723,2437
1321,3033,1373,3033,1373,3084,1321,3084
1142,1344,1192,1344,1192,1396,1142,1396
1021,2565,1078,2565,1078,2614,1021,2614
1550,2336,1601,2336,1601,2384,1550,2384
1312,2451,1367,2451,1367,2502,1312,2502
322,2385,375,2385,375,2434,322,2434
1313,1987,1364,1987,1364,2038,1313,2038
1371,2569,1428,2569,1428,2618,1371,2618
555,2154,608,2154,608,2204,555,2204
173,1892,229,1892,229,1940,173,1940
446,3025,497,3025,497,3078,446,3078
270,467,322,467,322,515,270,515
1020,1517,1077,1517,1077,1572,1020,1572
565,3087,616,3087,616,3135,565,3135
727,2152,786,2152,786,2210,727,2210
730,2623,786,2623,786,2673,730,2673
388,2826,438,2826,438,2874,388,2874
1435,2686,1485,2686,1485,2734,1435,2734
1268,3090,1322,3090,1322,3146,1268,3146
1020,1632,1076,1632,1076,1686,1020,1686
382,1858,432,1858,432,1910,382,1910
1377,823,1430,823,1430,873,1377,873
1489,2512,1541,2512,1541,2559,1489,2559
1946,780,2011,780,2011,848,1946,848
1021,2508,1076,2508,1076,2560,1021,2560
1432,1515,1486,1515,1486,1569,1432,1569
1433,1576,1484,1576,1484,1627,1433,1627
378,2094,437,2094,437,2114,378,2114
378,2238,430,2238,430,2291,378,2291
912,524,965,524,965,576,912,576
321,2766,378,2766,378,2816,321,2816
1027,2800,1079,2800,1079,2848,1027,2848
966,2157,1020,2157,1020,2206,966,2206
557,2040,607,2040,607,2087,557,2087
495,2441,551,2441,551,2492,495,2492
966,1165,1019,1165,1019,1218,966,1218
1196,2391,1252,2391,1252,2444,1196,2444
675,1367,727,1367,727,1419,675,1419
1495,2862,1546,2862,1546,2909,1495,2909
322,2326,374,2326,374,2375,322,2375
328,1165,379,1165,379,1212,328,1212
1945,930,2010,930,2010,994,1945,994
442,2093,492,2093,492,2142,442,2142
1430,1810,1482,1810,1482,1856,1430,1856
1314,1752,1367,1752,1367,1804,1314,1804
1378,996,1429,996,1429,1046,1378,1046
440,634,498,634,498,692,440,692
1020,1575,1076,1575,1076,1626,1020,1626
320,2091,373,2091,373,2138,320,2138
1137,1867,1188,1867,1188,1920,1137,1920
499,2620,551,2620,551,2671,499,2671
662,287,719,287,719,343,662,343
1429,2338,1484,2338,1484,2385,1429,2385
962,1984,1012,1984,1012,2032,962,2032
1023,2039,1077,2039,1077,2091,1023,2091
267,1221,319,1221,319,1271,267,1271
441,1921,490,1921,490,1968,441,1968
966,1054,1019,1054,1019,1102,966,1102
1434,2859,1487,2859,1487,2909,1434,2909
328,638,378,638,378,688,328,688
262,1514,315,1514,315,1562,262,1562
737,2969,787,2969,787,3022,737,3022
1086,646,1137,646,1137,695,1086,695
261,1919,314,1919,314,1940,261,1940
791,1050,845,1050,845,1103,791,1103
444,2911,500,2911,500,2961,444,2961
1495,3035,1550,3035,1550,3086,1495,3086
554,2212,606,2212,606,2260,554,2260
614,2678,669,2678,669,2732,614,2732
1435,2044,1487,2044,1487,2097,1435,2097
445,2968,502,2968,502,3018,445,3018
1309,1928,1360,1928,1360,1978,1309,1978
1551,2566,1601,2566,1601,2616,1551,2616
1545,2394,1602,2394,1602,2445,1545,2445
1433,1346,1486,1346,1486,1396,1433,1396
262,1631,315,1631,315,1679,262,1679
382,1334,436,1334,436,1387,382,1387
323,1977,373,1977,373,2026,323,2026
1368,1928,1423,1928,1423,1982,1368,1982
1265,1000,1312,1000,1312,1050,1265,1050
1549,2218,1602,2218,1602,2266,1549,2266
382,2416,432,2416,432,2463,382,2463
1315,1580,1366,1580,1366,1627,1315,1627
676,2798,726,2798,726,2847,676,2847
1944,1084,2011,1084,2011,1148,1944,1148
1937,2376,1999,2376,1999,2436,1937,2436
502,870,555,870,555,926,502,926
741,706,784,706,784,748,741,748
906,1515,959,1515,959,1564,906,1564
1636,2614,1685,2614,1685,2640,1636,2640
382,1046,435,1046,435,1100,382,1100
971,995,1021,995,1021,1044,971,1044
171,2148,228,2148,228,2204,171,2204
1770,2794,1835,2794,1835,2858,1770,2858
561,2618,610,2618,610,2672,561,2672
1767,2720,1822,2720,1822,2786,1767,2786
1081,2450,1136,2450,1136,2474,1081,2474
1144,1170,1196,1170,1196,1219,1144,1219
325,2886,378,2886,378,2934,325,2934
791,1513,845,1513,845,1562,791,1562
320,2034,375,2034,375,2085,320,2085
786,1978,836,1978,836,2029,786,2029
262,1802,316,1802,316,1855,262,1855
1375,882,1429,882,1429,931,1375,931
1434,2744,1487,2744,1487,2796,1434,2796
555,2097,606,2097,606,2146,555,2146
334,2662,371,2662,371,2680,334,2680
1743,854,1783,854,1783,882,1743,882
679,3087,735,3087,735,3137,679,3137
796,640,845,640,845,692,796,692
176,1625,229,1625,229,1680,176,1680
322,2531,374,2531,374,2583,322,2583
736,637,789,637,789,696,736,696
499,1280,552,1280,552,1333,499,1333
1376,1458,1428,1458,1428,1508,1376,1508
1085,1432,1131,1432,1131,1449,1085,1449
175,1450,228,1450,228,1503,175,1503
735,2565,782,2565,782,2611,735,2611
384,1222,439,1222,439,1270,384,1270
966,2283,1012,2283,1012,2313,966,2313
264,1458,320,1458,320,1508,264,1508
1205,589,1256,589,1256,644,1205,644
1432,2276,1483,2276,1483,2331,1432,2331
441,2213,493,2213,493,2259,441,2259
1809,2367,1881,2367,1881,2435,1809,2435
544,293,597,293,597,339,544,339
382,1514,435,1514,435,1563,382,1563
562,1220,611,1220,611,1276,562,1276
381,1803,435,1803,435,1853,381,1853
1257,1349,1309,1349,1309,1398,1257,1398
1500,3089,1556,3089,1556,3142,1500,3142
270,581,321,581,321,630,270,630
324,1274,377,1274,377,1331,324,1331
906,2561,957,2561,957,2617,906,2617
676,1019,728,1019,728,1070,676,1070
334,1409,374,1409,374,1435,334,1435
849,1109,906,1109,906,1159,849,1159
501,1105,554,1105,554,1154,501,1154
961,1754,1017,1754,1017,1772,961,1772
267,758,320,758,320,805,267,805
1322,769,1369,769,1369,818,1322,818
1089,882,1138,882,1138,928,1089,928
961,1808,1016,1808,1016,1858,961,1858
330,872,379,872,379,922,330,922
614,1567,667,1567,667,1625,614,1625
1083,762,1140,762,1140,814,1083,814
1316,1056,1370,1056,1370,1111,1316,1111
560,639,614,639,614,689,560,689
1552,2917,1604,2917,1604,2966,1552,2966
1198,1519,1248,1519,1248,1572,1198,1572
968,2450,1016,2450,1016,2493,968,2493
909,2737,959,2737,959,2789,909,2789
180,1278,230,1278,230,1328,180,1328
616,1512,666,1512,666,1561,616,1561
967,1223,1018,1223,1018,1274,967,1274
268,872,320,872,320,923,268,923
964,1634,1016,1634,1016,1684,964,1684
384,1569,433,1569,433,1623,384,1623
1390,3149,1439,3149,1439,3199,1390,3199
266,1102,320,1102,320,1158,266,1158
737,466,792,466,792,520,737,520
1082,1575,1134,1575,1134,1628,1082,1628
916,583,965,583,965,634,916,634
1148,528,1202,528,1202,584,1148,584
1437,3035,1486,3035,1486,3084,1437,3084
387,816,435,816,435,866,387,866
443,1281,492,1281,492,1329,443,1329
565,521,616,521,616,572,565,572
1552,2042,1605,2042,1605,2089,1552,2089
556,2383,610,2383,610,2436,556,2436
1315,1349,1368,1349,1368,1398,1315,1398
617,1636,665,1636,665,1679,617,1679
440,2503,489,2503,489,2556,440,2556
1020,2270,1076,2270,1076,2323,1020,2323
565,3144,615,3144,615,3196,565,3196
738,931,790,931,790,984,738,984
856,3147,910,3147,910,3196,856,3196
621,3028,672,3028,672,3080,621,3080
1263,2975,1312,2975,1312,3026,1263,3026
738,757,790,757,790,808,738,808
1203,999,1254,999,1254,1048,1203,1048
1443,993,1488,993,1488,1018,1443,1018
786,2505,841,2505,841,2554,786,2554
1084,2509,1134,2509,1134,2559,1084,2559
738,992,785,992,785,1044,738,1044
561,1168,611,1168,611,1216,561,1216
1373,2513,1424,2513,1424,2566,1373,2566
619,2912,670,2912,670,2946,619,2946
381,2035,434,2035,434,2087,381,2087
1023,2857,1082,2857,1082,2906,1023,2906
270,521,321,521,321,574,270,574
1717,2517,1788,2517,1788,2582,1717,2582
1078,1927,1129,1927,1129,1974,1078,1974
1598,297,1650,297,1650,348,1598,348
1258,823,1313,823,1313,875,1258,875
1027,935,1080,935,1080,988,1027,988
330,2939,380,2939,380,2991,330,2991
623,461,676,461,676,515,623,515
1316,2046,1370,2046,1370,2098,1316,2098
914,1286,959,1286,959,1334,914,1334
1023,1753,1071,1753,1071,1802,1023,1802
1027,1458,1074,1458,1074,1512,1027,1512
441,1454,492,1454,492,1502,441,1502
178,1363,231,1363,231,1416,178,1416
325,1914,375,1914,375,1967,325,1967
1249,290,1300,290,1300,340,1249,340
1327,417,1379,417,1379,471,1327,471
500,2852,554,2852,554,2905,500,2905
966,1403,1020,1403,1020,1451,966,1451
323,2440,373,2440,373,2494,323,2494
1324,591,1375,591,1375,643,1324,643
1549,2451,1601,2451,1601,2505,1549,2505
440,1631,489,1631,489,1678,440,1678
1083,1000,1137,1000,1137,1049,1083,1049
1262,646,1315,646,1315,701,1262,701
496,1686,547,1686,547,1736,496,1736
386,519,439,519,439,578,386,578
1315,1464,1369,1464,1369,1517,1315,1517
385,1457,435,1457,435,1505,385,1505
176,2236,227,2236,227,2288,176,2288
735,2912,786,2912,786,2960,735,2960
322,1570,372,1570,372,1621,322,1621
728,2215,782,2215,782,2266,728,2266
1372,1229,1429,1229,1429,1281,1372,1281
559,1862,606,1862,606,1912,559,1912
614,2042,665,2042,665,2087,614,2087
322,2587,374,2587,374,2637,322,2637
789,2568,842,2568,842,2617,789,2617
1202,823,1255,823,1255,870,1202,870
1255,1815,1307,1815,1307,1863,1255,1863
1079,2563,1136,2563,1136,2614,1079,2614
447,522,500,522,500,576,447,576
1568,3164,1609,3164,1609,3193,1568,3193
1551,2100,1602,2100,1602,2150,1551,2150
1376,1347,1427,1347,1427,1397,1376,1397
851,2797,901,2797,901,2847,851,2847
1085,1225,1139,1225,1139,1279,1085,1279
1089,2348,1130,2348,1130,2376,1089,2376
438,2269,492,2269,492,2317,438,2317
1490,2218,1536,2218,1536,2270,1490,2270
1028,1111,1079,1111,1079,1160,1028,1160
1076,1985,1128,1985,1128,2035,1076,2035
1313,1810,1369,1810,1369,1863,1313,1863
1256,2160,1309,2160,1309,2211,1256,2211
730,2680,784,2680,784,2733,730,2733
1089,938,1136,938,1136,987,1089,987
847,2619,901,2619,901,2671,847,2671
1195,2041,1249,2041,1249,2094,1195,2094
1376,1697,1422,1697,1422,1741,1376,1741
1259,2855,1315,2855,1315,2909,1259,2909
448,2564,489,2564,489,2608,448,2608
559,2444,604,2444,604,2493,559,2493
611,1749,668,1749,668,1797,611,1797
1206,650,1255,650,1255,700,1206,700
849,1631,899,1631,899,1683,849,1683
1316,2217,1370,2217,1370,2271,1316,2271
1087,705,1138,705,1138,754,1087,754
971,3086,1022,3086,1022,3140,971,3140
1318,1408,1371,1408,1371,1457,1318,1457
909,2507,956,2507,956,2554,909,2554
616,1686,668,1686,668,1738,616,1738
333,581,386,581,386,631,333,631
1146,707,1195,707,1195,759,1146,759
1140,1634,1192,1634,1192,1687,1140,1687
385,2706,432,2706,432,2756,385,2756
615,2502,669,2502,669,2558,615,2558
443,1166,491,1166,491,1215,443,1215
561,466,616,466,616,516,561,516
1377,2858,1429,2858,1429,2913,1377,2913
1643,2546,1688,2546,1688,2578,1643,2578
787,2329,840,2329,840,2383,787,2383
438,1973,488,1973,488,2030,438,2030
1200,883,1252,883,1252,935,1200,935
1497,2915,1542,2915,1542,2968,1497,2968
677,1076,730,1076,730,1115,677,1115
1087,2097,1136,2097,1136,2150,1087,2150
729,1746,785,1746,785,1796,729,1796
908,2677,962,2677,962,2730,908,2730
854,3089,908,3089,908,3140,854,3140
736,1936,776,1936,776,1962,736,1962
502,933,554,933,554,983,502,983
622,698,672,698,672,749,622,749
1082,1463,1135,1463,1135,1512,1082,1512
328,522,382,522,382,576,328,576
1374,1631,1428,1631,1428,1685,1374,1685
740,587,788,587,788,631,740,631
682,3031,733,3031,733,3080,682,3080
623,582,671,582,671,631,623,631
734,2796,788,2796,788,2847,734,2847
554,2267,603,2267,603,2320,554,2320
1268,3150,1323,3150,1323,3200,1268,3200
1202,766,1252,766,1252,816,1202,816
446,1050,496,1050,496,1068,446,1068
677,587,731,587,731,634,677,634
270,983,320,983,320,1038,270,1038
616,1809,660,1809,660,1857,616,1857
443,2675,494,2675,494,2728,443,2728
1315,1174,1367,1174,1367,1223,1315,1223
1481,299,1531,299,1531,345,1481,345
618,2852,672,2852,672,2904,618,2904
557,2563,606,2563,606,2613,557,2613
1547,2628,1601,2628,1601,2678,1547,2678
735,2856,787,2856,787,2906,735,2906
748,3088,789,3088,789,3139,748,3139
323,2146,370,2146,370,2199,323,2199
1432,2914,1486,2914,1486,2967,1432,2967
1019,1923,1070,1923,1070,1979,1019,1979
330,3173,375,3173,375,3193,330,3193
506,522,557,522,557,571,506,571
550,1924,609,1924,609,1974,550,1974
1438,706,1486,706,1486,754,1438,754
739,1166,785,1166,785,1217,739,1217
613,2565,670,2565,670,2614,613,2614
1257,2042,1305,2042,1305,2096,1257,2096
907,2039,954,2039,954,2090,907,2090
327,2707,376,2707,376,2756,327,2756
504,816,552,816,552,864,504,864
1036,469,1087,469,1087,520,1036,520
909,935,966,935,966,988,909,988
976,469,1027,469,1027,519,976,519
613,2448,667,2448,667,2469,613,2469
441,2038,490,2038,490,2086,441,2086
265,1687,315,1687,315,1736,265,1736
499,2213,547,2213,547,2255,499,2255
1151,416,1205,416,1205,466,1151,466
916,644,962,644,962,690,916,690
1375,1169,1429,1169,1429,1220,1375,1220
563,2739,606,2739,606,2791,563,2791
966,1696,1018,1696,1018,1743,966,1743
1431,2452,1481,2452,1481,2500,1431,2500
1197,1580,1248,1580,1248,1630,1197,1630
499,1802,547,1802,547,1853,499,1853
894,290,946,290,946,343,894,343
559,1685,606,1685,606,1738,559,1738
495,2679,554,2679,554,2732,495,2732
794,2795,845,2795,845,2844,794,2844
1497,2047,1543,2047,1543,2097,1497,2097
1194,2451,1252,2451,1252,2502,1194,2502
794,2744,840,2744,840,2787,794,2787
1386,955,1422,955,1422,973,1386,973
1264,595,1315,595,1315,643,1264,643
267,640,318,640,318,689,267,689
324,1747,372,1747,372,1791,324,1791
444,1225,494,1225,494,1270,444,1270
383,1744,433,1744,433,1793,383,1793
1091,3147,1142,3147,1142,3198,1091,3198
1498,2744,1543,2744,1543,2793,1498,2793
1780,2875,1826,2875,1826,2933,1780,2933
1554,2508,1598,2508,1598,2561,1554,2561
501,1168,551,1168,551,1212,501,1212
1333,3149,1378,3149,1378,3188,1333,3188
846,2447,899,2447,899,2496,846,2496
1316,1635,1367,1635,1367,1688,1316,1688
1432,1140,1477,1140,1477,1164,1432,1164
1085,2743,1132,2743,1132,2793,1085,2793
1374,2280,1423,2280,1423,2327,1374,2327
511,3090,552,3090,552,3135,511,3135
1434,2396,1481,2396,1481,2439,1434,2439
1085,1521,1130,1521,1130,1568,1085,1568
1029,2634,1068,2634,1068,2666,1029,2666
738,1108,785,1108,785,1157,738,1157
1028,820,1081,820,1081,872,1028,872
734,1282,789,1282,789,1332,734,1332
1029,1052,1080,1052,1080,1104,1029,1104
1379,1401,1426,1401,1426,1450,1379,1450
1492,2281,1542,2281,1542,2327,1492,2327
1260,2680,1308,2680,1308,2734,1260,2734
1032,775,1072,775,1072,805,1032,805
614,2329,662,2329,662,2379,614,2379
556,1398,613,1398,613,1445,556,1445
179,1543,225,1543,225,1589,179,1589
1375,2803,1431,2803,1431,2851,1375,2851
910,758,965,758,965,810,910,810
441,1338,491,1338,491,1391,441,1391
734,2449,782,2449,782,2493,734,2493
1198,1753,1249,1753,1249,1803,1198,1803
173,1802,229,1802,229,1845,173,1845
1378,2744,1427,2744,1427,2794,1378,2794
1385,3037,1431,3037,1431,3081,1385,3081
613,2269,664,2269,664,2320,613,2320
559,1747,604,1747,604,1797,559,1797
1438,1027,1488,1027,1488,1075,1438,1075
960,2043,1014,2043,1014,2091,960,2091
1201,1231,1250,1231,1250,1283,1201,1283
273,1877,310,1877,310,1906,273,1906
854,2003,891,2003,891,2017,854,2017
847,1574,901,1574,901,1624,847,1624
1549,2278,1599,2278,1599,2327,1549,2327
559,1455,608,1455,608,1505,559,1505
1146,647,1199,647,1199,699,1146,699
1260,1232,1309,1232,1309,1283,1260,1283
680,2272,720,2272,720,2319,680,2319
385,2765,435,2765,435,2818,385,2818
917,3090,965,3090,965,3139,917,3139
1201,2743,1253,2743,1253,2795,1201,2795
1645,1604,1690,1604,1690,1640,1645,1640
385,929,437,929,437,983,385,983
1318,886,1364,886,1364,932,1318,932
851,1169,906,1169,906,1217,851,1217
456,474,495,474,495,502,456,502
1200,1698,1250,1698,1250,1746,1200,1746
1023,2329,1076,2329,1076,2383,1023,2383
729,2270,779,2270,779,2318,729,2318
386,1283,435,1283,435,1328,386,1328
849,2271,905,2271,905,2292,849,2292
909,1461,959,1461,959,1508,909,1508
508,2576,547,2576,547,2603,508,2603
624,1457,670,1457,670,1475,624,1475
1397,3104,1431,3104,1431,3133,1397,3133
1084,1169,1135,1169,1135,1217,1084,1217
385,2535,431,2535,431,2580,385,2580
554,1982,601,1982,601,2000,554,2000
967,2680,1021,2680,1021,2700,967,2700
910,2798,964,2798,964,2850,910,2850
1146,589,1199,589,1199,641,1146,641
384,1109,434,1109,434,1127,384,1127
967,2915,1019,2915,1019,2965,967,2965
1324,2928,1368,2928,1368,2959,1324,2959
1082,2678,1135,2678,1135,2733,1082,2733
622,2094,668,2094,668,2147,622,2147
1199,1407,1248,1407,1248,1456,1199,1456
847,2099,901,2099,901,2149,847,2149
390,2658,424,2658,424,2687,390,2687
844,1866,898,1866,898,1916,844,1916
395,3008,429,3008,429,3039,395,3039
437,2324,491,2324,491,2375,437,2375
672,2003,724,2003,724,2028,672,2028
1919,578,1994,578,1994,635,1919,635
558,2329,608,2329,608,2379,558,2379
338,3070,377,3070,377,3098,338,3098
1375,2165,1422,2165,1422,2211,1375,2211
1201,1883,1241,1883,1241,1911,1201,1911
1260,2798,1313,2798,1313,2849,1260,2849
794,1399,845,1399,845,1448,794,1448
1551,2688,1600,2688,1600,2735,1551,2735
443,2620,487,2620,487,2667,443,2667
1374,2453,1426,2453,1426,2501,1374,2501
910,2974,964,2974,964,3027,910,3027
973,2972,1021,2972,1021,3026,973,3026
677,2854,728,2854,728,2905,677,2905
274,1353,312,1353,312,1378,274,1378
853,2331,897,2331,897,2382,853,2382
790,1340,847,1340,847,1391,790,1391
1431,2162,1480,2162,1480,2209,1431,2209
680,1310,724,1310,724,1358,680,1358
926,482,961,482,961,510,926,510
1442,1229,1485,1229,1485,1276,1442,1276
853,1343,902,1343,902,1392,853,1392
738,1513,780,1513,780,1565,738,1565
623,878,670,878,670,923,623,923
1440,1285,1484,1285,1484,1336,1440,1336
442,2443,489,2443,489,2493,442,2493
743,3030,787,3030,787,3079,743,3079
849,2041,899,2041,899,2087,849,2087
1260,940,1310,940,1310,989,1260,989
736,1336,786,1336,786,1388,736,1388
1256,1404,1309,1404,1309,1458,1256,1458
1209,2815,1247,2815,1247,2844,1209,2844
1131,291,1182,291,1182,341,1131,341
443,2737,493,2737,493,2786,443,2786
858,586,905,586,905,633,858,633
382,1977,429,1977,429,2028,382,2028
1493,2106,1540,2106,1540,2155,1493,2155
795,2917,844,2917,844,2966,795,2966
1030,3030,1080,3030,1080,3086,1030,3086
1091,529,1143,529,1143,583,1091,583
1147,833,1189,833,1189,862,1147,862
732,1395,783,1395,783,1442,732,1442
1375,1052,1429,1052,1429,1105,1375,1105
1033,3151,1082,3151,1082,3199,1033,3199
563,2915,605,2915,605,2962,563,2962
1197,2681,1253,2681,1253,2734,1197,2734
1021,1870,1071,1870,1071,1915,1021,1915
1192,1987,1245,1987,1245,2038,1192,2038
676,2038,723,2038,723,2091,676,2091
969,2798,1021,2798,1021,2849,969,2849
323,1799,373,1799,373,1855,323,1855
443,1105,492,1105,492,1154,443,1154
730,1690,784,1690,784,1743,730,1743
387,2882,439,2882,439,2933,387,2933
841,1923,898,1923,898,1972,841,1972
794,521,846,521,846,579,794,579
1321,2682,1370,2682,1370,2736,1321,2736
793,2856,843,2856,843,2905,793,2905
1139,1750,1194,1750,1194,1805,1139,1805
1035,1299,1072,1299,1072,1327,1035,1327
1145,1519,1191,1519,1191,1568,1145,1568
1029,707,1078,707,1078,752,1029,752
1087,2273,1130,2273,1130,2326,1087,2326
853,875,904,875,904,927,853,927
1027,1813,1071,1813,1071,1857,1027,1857
1087,3029,1138,3029,1138,3083,1087,3083
500,1220,552,1220,552,1274,500,1274
786,1921,836,1921,836,1970,786,1970
849,2505,896,2505,896,2557,849,2557
507,3142,557,3142,557,3197,507,3197
740,2516,775,2516,775,2543,740,2543
560,1577,605,1577,605,1619,560,1619
1323,2797,1365,2797,1365,2851,1323,2851
330,2834,367,2834,367,2865,330,2865
854,2163,894,2163,894,2198,854,2198
913,703,963,703,963,750,913,750
1440,881,1484,881,1484,928,1440,928
446,929,496,929,496,982,446,982
618,1864,662,1864,662,1909,618,1909
495,1746,546,1746,546,1792,495,1792
625,2751,661,2751,661,2781,625,2781
625,519,673,519,673,571,625,571
331,755,373,755,373,806,331,806
1141,1293,1193,1293,1193,1338,1141,1338
1011,289,1068,289,1068,343,1011,343
513,3029,551,3029,551,3081,513,3081
1207,2584,1246,2584,1246,2612,1207,2612
502,990,553,990,553,1039,502,1039
1145,1943,1182,1943,1182,1960,1145,1960
624,2155,663,2155,663,2202,624,2202
1260,2568,1309,2568,1309,2618,1260,2618
916,3146,964,3146,964,3196,916,3196
734,1634,786,1634,786,1681,734,1681
857,525,910,525,910,577,857,577
620,1338,668,1338,668,1390,620,1390
979,601,1021,601,1021,628,979,628
907,876,967,876,967,930,907,930
1271,483,1313,483,1313,517,1271,517
1375,1810,1422,1810,1422,1856,1375,1856
976,2400,1012,2400,1012,2436,976,2436
1265,1300,1303,1300,1303,1332,1265,1332
914,1168,963,1168,963,1189,914,1189
1375,2107,1423,2107,1423,2156,1375,2156
737,875,787,875,787,921,737,921
970,1343,1016,1343,1016,1393,970,1393
1137,1693,1190,1693,1190,1740,1137,1740
861,2861,898,2861,898,2901,861,2901
1377,2005,1411,2005,1411,2032,1377,2032
1206,2175,1247,2175,1247,2202,1206,2202
683,650,721,650,721,684,683,684
618,1107,667,1107,667,1159,618,1159
562,708,602,708,602,740,562,740
1319,708,1370,708,1370,762,1319,762
853,756,904,756,904,810,853,810
1084,1633,1131,1633,1131,1686,1084,1686
182,1975,221,1975,221,2024,182,2024
389,464,441,464,441,516,389,516
739,821,784,821,784,866,739,866
562,817,613,817,613,865,562,865
562,1515,603,1515,603,1558,562,1558
1268,417,1320,417,1320,469,1268,469
454,770,489,770,489,796,454,796
1091,473,1143,473,1143,522,1091,522
797,3150,849,3150,849,3196,797,3196
967,1868,1013,1868,1013,1918,967,1918
1499,2583,1532,2583,1532,2601,1499,2601
681,1618,718,1618,718,1640,681,1640
678,2445,718,2445,718,2494,678,2494
797,586,849,586,849,626,797,626
734,1801,777,1801,777,1853,734,1853
968,2566,1017,2566,1017,2613,968,2613
1710,1550,1751,1550,1751,1566,1710,1566
333,1002,370,1002,370,1033,333,1033
739,1990,773,1990,773,2018,739,2018
852,1282,903,1282,903,1335,852,1335
1219,3161,1256,3161,1256,3192,1219,3192
1080,1809,1131,1809,1131,1858,1080,1858
673,2972,729,2972,729,2994,673,2994
681,1554,719,1554,719,1584,681,1584
1144,1464,1194,1464,1194,1515,1144,1515
1498,2640,1536,2640,1536,2668,1498,2668
1207,2874,1246,2874,1246,2900,1207,2900
328,1220,379,1220,379,1272,328,1272
910,2394,957,2394,957,2445,910,2445
324,1861,368,1861,368,1906,324,1906
970,3147,1028,3147,1028,3202,970,3202
1148,1821,1184,1821,1184,1850,1148,1850
1322,2346,1360,2346,1360,2378,1322,2378
1141,1578,1190,1578,1190,1628,1141,1628
452,995,491,995,491,1033,452,1033
560,988,609,988,609,1042,560,1042
736,1872,775,1872,775,1904,736,1904
1720,2290,1791,2290,1791,2356,1720,2356
1498,2454,1536,2454,1536,2504,1498,2504
335,3010,373,3010,373,3041,335,3041
907,1401,959,1401,959,1451,907,1451
1388,775,1422,775,1422,806,1388,806
1762,2622,1834,2622,1834,2639,1762,2639
909,2334,960,2334,960,2381,909,2381
673,2326,724,2326,724,2379,673,2379
923,830,956,830,956,860,923,860
1492,2162,1544,2162,1544,2211,1492,2211
278,1180,312,1180,312,1198,278,1198
974,767,1013,767,1013,800,974,800
1266,1592,1302,1592,1302,1620,1266,1620
1037,895,1070,895,1070,911,1037,911
1090,2234,1126,2234,1126,2251,1090,2251
1263,882,1311,882,1311,937,1263,937
332,468,382,468,382,516,332,516
508,2515,542,2515,542,2540,508,2540
1026,2102,1076,2102,1076,2150,1026,2150
1144,1997,1179,1997,1179,2025,1144,2025
336,937,369,937,369,973,336,973
912,1342,958,1342,958,1394,912,1394
1033,1232,1071,1232,1071,1271,1033,1271
500,2035,544,2035,544,2081,500,2081
1440,1642,1479,1642,1479,1676,1440,1676
623,1167,666,1167,666,1213,623,1213
451,1410,481,1410,481,1439,451,1439
1320,2626,1367,2626,1367,2674,1320,2674
279,1418,314,1418,314,1434,279,1434
790,2680,842,2680,842,2731,790,2731
449,708,485,708,485,739,449,739
567,1061,603,1061,603,1092,567,1092
977,2117,1009,2117,1009,2133,977,2133
627,1061,662,1061,662,1092,627,1092
909,1874,952,1874,952,1918,909,1918
738,3146,792,3146,792,3197,738,3197
633,648,665,648,665,678,633,678
1084,2158,1131,2158,1131,2210,1084,2210
1378,1881,1414,1881,1414,1911,1378,1911
1564,2987,1597,2987,1597,3021,1564,3021
1200,2278,1253,2278,1253,2327,1200,2327
860,1243,897,1243,897,1259,860,1259
331,1635,373,1635,373,1673,331,1673
1442,2577,1477,2577,1477,2606,1442,2606
909,2916,961,2916,961,2968,909,2968
685,1962,712,1962,712,1985,685,1985
450,3144,498,3144,498,3194,450,3194
1085,2913,1138,2913,1138,2965,1085,2965
391,2939,437,2939,437,2991,391,2991
1453,3156,1487,3156,1487,3186,1453,3186
1504,2987,1534,2987,1534,3017,1504,3017
1375,2395,1426,2395,1426,2448,1375,2448
627,1291,662,1291,662,1323,627,1323
793,2275,836,2275,836,2320,793,2320
798,760,846,760,846,808,798,808
1757,1278,1799,1278,1799,1300,1757,1300
1151,776,1187,776,1187,807,1151,807
691,540,727,540,727,558,691,558
1327,958,1363,958,1363,984,1327,984
904,1921,952,1921,952,1973,904,1973
1315,2105,1368,2105,1368,2154,1315,2154
964,2624,1014,2624,1014,2675,964,2675
1375,1518,1423,1518,1423,1551,1375,1551
1259,2277,1307,2277,1307,2327,1259,2327
735,2738,784,2738,784,2787,735,2787
800,1705,837,1705,837,1729,800,1729
1561,2178,1596,2178,1596,2195,1561,2195
496,1569,548,1569,548,1618,496,1618
1029,1405,1082,1405,1082,1426,1029,1426
274,1292,312,1292,312,1322,274,1322
1325,2181,1362,2181,1362,2200,1325,2200
745,534,780,534,780,566,745,566
1324,1534,1356,1534,1356,1564,1324,1564
854,1762,895,1762,895,1790,854,1790
675,2211,722,2211,722,2262,675,2262
1789,1828,1825,1828,1825,1850,1789,1850
1326,841,1360,841,1360,860,1326,860
628,769,665,769,665,800,628,800
386,585,441,585,441,605,386,605
1342,3100,1372,3100,1372,3130,1342,3130
510,1404,542,1404,542,1442,510,1442
451,2158,480,2158,480,2199,451,2199
1572,3107,1605,3107,1605,3133,1572,3133
849,698,903,698,903,749,849,749
628,949,663,949,663,968,628,968
336,1120,370,1120,370,1138,336,1138
911,1232,958,1232,958,1271,911,1271
441,1510,489,1510,489,1561,441,1561
1148,2053,1176,2053,1176,2086,1148,2086
788,2216,842,2216,842,2264,788,2264
852,1520,901,1520,901,1540,852,1540
1514,3162,1543,3162,1543,3191,1514,3191
1021,1992,1068,1992,1068,2030,1021,2030
566,2522,600,2522,600,2537,566,2537
1328,1010,1360,1010,1360,1042,1328,1042
445,2796,489,2796,489,2814,445,2814
1319,1886,1355,1886,1355,1916,1319,1916
1146,996,1193,996,1193,1046,1146,1046
561,1109,605,1109,605,1126,561,1126
1086,2984,1141,2984,1141,3013,1086,3013
903,2623,959,2623,959,2670,903,2670
1086,609,1140,609,1140,633,1086,633
1257,1942,1296,1942,1296,1971,1257,1971
684,463,728,463,728,517,684,517
1022,2156,1077,2156,1077,2208,1022,2208
564,876,614,876,614,925,564,925
515,471,551,471,551,506,515,506
920,1067,957,1067,957,1093,920,1093
1031,1177,1067,1177,1067,1210,1031,1210
1265,717,1303,717,1303,750,1265,750
684,2395,717,2395,717,2428,684,2428
1268,2228,1299,2228,1299,2260,1268,2260
504,1635,546,1635,546,1675,504,1675
340,3129,370,3129,370,3160,340,3160
1496,2338,1539,2338,1539,2383,1496,2383
679,2097,725,2097,725,2146,679,2146
576,593,607,593,607,624,576,624
860,2398,894,2398,894,2433,860,2433
449,1696,481,1696,481,1725,449,1725
626,2220,657,2220,657,2251,626,2251
1330,1131,1361,1131,1361,1155,1330,1155
569,2863,605,2863,605,2897,569,2897
629,831,669,831,669,857,629,857
1088,1298,1128,1298,1128,1331,1088,1331
624,2396,658,2396,658,2429,624,2429
802,1465,835,1465,835,1498,802,1498
454,882,486,882,486,914,454,914
556,1630,606,1630,606,1680,556,1680
916,2224,949,2224,949,2259,916,2259
1385,1761,1415,1761,1415,1793,1385,1793
794,2047,830,2047,830,2079,794,2079
800,1175,837,1175,837,1210,800,1210
859,2570,890,2570,890,2606,859,2606
1437,1404,1479,1404,1479,1451,1437,1451
329,1346,367,1346,367,1377,329,1377
740,1591,774,1591,774,1607,740,1607
1326,1706,1357,1706,1357,1736,1326,1736
633,3102,668,3102,668,3130,633,3130
1388,2928,1422,2928,1422,2961,1388,2961
396,645,427,645,427,686,396,686
800,1584,834,1584,834,1617,800,1617
969,700,1021,700,1021,754,969,754
1083,1753,1133,1753,1133,1801,1083,1801
739,2047,770,2047,770,2077,739,2077
1367,297,1415,297,1415,343,1367,343
973,1530,1008,1530,1008,1557,973,1557
1445,2000,1465,2000,1465,2031,1445,2031
510,2746,542,2746,542,2778,510,2778
1088,2635,1121,2635,1121,2664,1088,2664
915,2291,955,2291,955,2317,915,2317
981,3042,1013,3042,1013,3076,981,3076
857,2756,895,2756,895,2775,857,2775
393,1169,425,1169,425,1210,393,1210
1441,1880,1470,1880,1470,1905,1441,1905
687,763,721,763,721,801,687,801
1210,1306,1244,1306,1244,1321,1210,1321
1148,1066,1187,1066,1187,1100,1148,1100
1444,770,1478,770,1478,806,1444,806
976,2223,1004,2223,1004,2256,976,2256
1152,2109,1185,2109,1185,2143,1152,2143
1313,2508,1366,2508,1366,2559,1313,2559
562,1280,611,1280,611,1327,562,1327
916,2107,950,2107,950,2136,916,2136
1037,2399,1069,2399,1069,2432,1037,2432
1033,2460,1073,2460,1073,2487,1033,2487
512,2925,548,2925,548,2955,512,2955
1042,3100,1072,3100,1072,3132,1042,3132
392,1692,423,1692,423,1732,392,1732
1443,2519,1477,2519,1477,2553,1443,2553
338,829,370,829,370,857,338,857
1379,2218,1424,2218,1424,2271,1379,2271
1270,2933,1304,2933,1304,2951,1270,2951
509,2283,545,2283,545,2309,509,2309
1268,2347,1296,2347,1296,2377,1268,2377
690,706,721,706,721,741,690,741
1265,2119,1299,2119,1299,2135,1265,2135
1037,1705,1065,1705,1065,1731,1037,1731
501,1862,546,1862,546,1913,501,1913
1263,1706,1301,1706,1301,1739,1263,1739
274,1756,307,1756,307,1790,274,1790
856,1408,893,1408,893,1441,856,1441
976,1129,1012,1129,1012,1145,976,1145
1026,2974,1081,2974,1081,3027,1026,3027
570,941,604,941,604,973,570,973
972,2340,1006,2340,1006,2369,972,2369
1160,482,1192,482,1192,516,1160,516
506,2342,542,2342,542,2362,506,2362
746,1063,775,1063,775,1091,746,1091
809,2985,839,2985,839,3019,809,3019
1268,1183,1301,1183,1301,1216,1268,1216
508,2395,542,2395,542,2427,508,2427
910,2858,961,2858,961,2906,910,2906
1273,776,1302,776,1302,810,1273,810
329,2222,363,2222,363,2251,329,2251
450,2395,479,2395,479,2424,450,2424
626,1005,660,1005,660,1033,626,1033
508,2099,538,2099,538,2139,508,2139
686,2519,717,2519,717,2545,686,2545
1153,890,1188,890,1188,927,1153,927
914,1819,948,1819,948,1850,914,1850
686,830,717,830,717,857,686,857
334,1521,369,1521,369,1556,334,1556
558,1338,610,1338,610,1389,558,1389
1208,1360,1243,1360,1243,1390,1208,1390
1334,491,1368,491,1368,509,1334,509
914,1004,950,1004,950,1035,914,1035
452,826,482,826,482,860,452,860
805,1638,831,1638,831,1674,805,1674
614,1984,659,1984,659,2027,614,2027
1217,426,1253,426,1253,458,1217,458
1446,952,1482,952,1482,980,1446,980
445,1866,489,1866,489,1882,445,1882
979,654,1010,654,1010,684,979,684
1662,859,1695,859,1695,882,1662,882
456,2860,484,2860,484,2900,456,2900
1149,1418,1181,1418,1181,1446,1149,1446
858,994,897,994,897,1035,858,1035
913,1641,950,1641,950,1674,913,1674
917,2166,948,2166,948,2199,917,2199
809,3099,842,3099,842,3134,809,3134
1275,3042,1304,3042,1304,3074,1275,3074
1445,2814,1476,2814,1476,2845,1445,2845
1375,2339,1419,2339,1419,2386,1375,2386
801,884,838,884,838,915,801,915
861,1820,888,1820,888,1845,861,1845
862,3041,899,3041,899,3073,862,3073
1267,1538,1306,1538,1306,1562,1267,1562
673,1891,720,1891,720,1931,673,1931
1331,2986,1363,2986,1363,3021,1331,3021
451,1761,484,1761,484,1779,451,1779
862,1702,890,1702,890,1733,862,1733
1327,1297,1357,1297,1357,1336,1327,1336
1564,3049,1598,3049,1598,3077,1564,3077
1385,1589,1413,1589,1413,1617,1385,1617
968,2741,1018,2741,1018,2790,968,2790
1264,2527,1297,2527,1297,2545,1264,2545
675,2624,725,2624,725,2671,675,2671
978,1293,1011,1293,1011,1325,978,1325
1218,2228,1238,2228,1238,2264,1218,2264
1329,2754,1362,2754,1362,2787,1329,2787
1385,722,1420,722,1420,740,1385,740
1036,1356,1063,1356,1063,1387,1036,1387
1097,1706,1123,1706,1123,1733,1097,1733
512,593,549,593,549,623,512,623
1276,543,1304,543,1304,578,1276,578
273,1582,304,1582,304,1612,273,1612
1438,1940,1469,1940,1469,1967,1438,1967
1458,3103,1486,3103,1486,3135,1458,3135
980,538,1015,538,1015,569,980,569
511,1054,542,1054,542,1093,511,1093
794,1109,843,1109,843,1157,794,1157
920,1588,954,1588,954,1617,920,1617
864,1064,897,1064,897,1088,864,1088
1445,2114,1478,2114,1478,2147,1445,2147
1266,1651,1297,1651,1297,1680,1266,1680
1604,1347,1642,1347,1642,1389,1604,1389
683,2755,719,2755,719,2774,683,2774
1088,1056,1132,1056,1132,1104,1088,1104
512,711,543,711,543,742,512,742
466,3095,488,3095,488,3132,466,3132
742,2340,776,2340,776,2372,742,2372
1219,544,1248,544,1248,577,1219,577
681,1796,714,1796,714,1812,681,1812
859,950,894,950,894,965,859,965
1222,3106,1257,3106,1257,3132,1222,3132
1099,1123,1125,1123,1125,1151,1099,1151
1443,2640,1476,2640,1476,2658,1443,2658
794,1883,832,1883,832,1901,794,1901
1099,3103,1127,3103,1127,3132,1099,3132
622,2942,667,2942,667,2966,622,2966
684,1734,714,1734,714,1749,684,1749
1038,1005,1069,1005,1069,1034,1038,1034
1980,1840,2008,1840,2008,1854,1980,1854
1041,2694,1060,2694,1060,2727,1041,2727
907,1691,957,1691,957,1741,907,1741
920,1123,949,1123,949,1157,920,1157
1744,1829,1777,1829,1777,1849,1744,1849
1448,841,1478,841,1478,856,1448,856
321,2274,373,2274,373,2297,321,2297
498,1344,548,1344,548,1360,498,1360
1828,510,1921,510,1921,594,1828,594
910,1995,947,1995,947,2024,910,2024
1219,2927,1241,2927,1241,2963,1219,2963
1642,2461,1686,2461,1686,2505,1642,2505
974,1472,1010,1472,1010,1501,974,1501
1448,1756,1467,1756,1467,1792,1448,1792
975,2521,1011,2521,1011,2548,975,2548
1208,2114,1243,2114,1243,2140,1208,2140
799,1759,833,1759,833,1787,799,1787
858,2696,895,2696,895,2723,858,2723
807,822,836,822,836,858,807,858
1043,541,1076,541,1076,575,1043,575
1323,2293,1358,2293,1358,2322,1323,2322
1045,654,1065,654,1065,690,1045,690
855,643,907,643,907,666,855,666
1262,1878,1291,1878,1291,1911,1262,1911
1264,2405,1300,2405,1300,2433,1264,2433
1210,2353,1242,2353,1242,2376,1210,2376
630,2634,656,2634,656,2662,630,2662
1508,2813,1535,2813,1535,2842,1508,2842
685,888,717,888,717,921,685,921
1209,1647,1238,1647,1238,1676,1209,1676
868,1470,886,1470,886,1503,868,1503
1448,1472,1474,1472,1474,1501,1448,1501
1561,2749,1593,2749,1593,2785,1561,2785
1210,1476,1238,1476,1238,1507,1210,1507
1092,2054,1119,2054,1119,2084,1092,2084
1571,2867,1590,2867,1590,2903,1571,2903
684,2577,713,2577,713,2601,684,2601
630,1234,655,1234,655,1264,630,1264
1155,1241,1185,1241,1185,1267,1155,1267
510,653,545,653,545,678,510,678
447,1815,482,1815,482,1846,447,1846
1211,1937,1230,1937,1230,1971,1211,1971
625,1930,652,1930,652,1960,625,1960
1221,951,1242,951,1242,987,1221,987
974,1936,1002,1936,1002,1964,974,1964
1219,1124,1240,1124,1240,1159,1219,1159
452,1580,481,1580,481,1611,452,1611
690,2924,720,2924,720,2947,690,2947
1205,1828,1239,1828,1239,1852,1205,1852
1265,2464,1296,2464,1296,2495,1265,2495
864,2225,884,2225,884,2258,864,2258
864,2988,895,2988,895,3017,864,3017
871,2923,892,2923,892,2959,871,2959
805,3044,844,3044,844,3071,805,3071
1331,665,1361,665,1361,682,1331,682
1568,2814,1587,2814,1587,2847,1568,2847
1047,598,1066,598,1066,630,1047,630
743,2111,774,2111,774,2130,743,2130
1331,2872,1359,2872,1359,2898,1331,2898
1449,2983,1480,2983,1480,3015,1449,3015
394,2308,422,2308,422,2338,394,2338
871,478,899,478,899,505,871,505
979,1587,1007,1587,1007,1617,979,1617
1273,1767,1293,1767,1293,1799,1273,1799
807,476,843,476,843,511,807,511
403,883,421,883,421,915,403,915
570,1815,594,1815,594,1842,570,1842
511,2168,539,2168,539,2183,511,2183
911,2455,955,2455,955,2471,911,2471
402,1406,422,1406,422,1439,402,1439
810,1234,829,1234,829,1266,810,1266
1268,1474,1302,1474,1302,1505,1268,1505
980,831,1018,831,1018,859,980,859
1504,2695,1534,2695,1534,2726,1504,2726
748,2396,767,2396,767,2431,748,2431
634,1409,655,1409,655,1434,634,1434
634,2979,663,2979,663,3010,634,3010
1328,1246,1359,1246,1359,1264,1328,1264
1442,2232,1473,2232,1473,2261,1442,2261
1975,2254,2002,2254,2002,2269,1975,2269
1024,2739,1081,2739,1081,2763,1024,2763
808,2109,828,2109,828,2141,808,2141
690,3155,720,3155,720,3186,690,3186
339,1057,368,1057,368,1087,339,1087
863,828,894,828,894,856,863,856
1392,2698,1415,2698,1415,2725,1392,2725
1629,1897,1660,1897,1660,1916,1629,1916
800,2457,829,2457,829,2485,800,2485
1505,2406,1531,2406,1531,2437,1505,2437
1390,2057,1419,2057,1419,2085,1390,2085
390,1928,419,1928,419,1959,390,1959
972,2870,1015,2870,1015,2887,972,2887
1270,2754,1299,2754,1299,2785,1270,2785
579,2808,595,2808,595,2838,579,2838
1280,1069,1299,1069,1299,1094,1280,1094
1443,1185,1479,1185,1479,1204,1443,1204
336,1464,362,1464,362,1497,336,1497
1095,836,1132,836,1132,857,1095,857
1214,2984,1248,2984,1248,3019,1214,3019
1217,489,1258,489,1258,518,1217,518
343,707,368,707,368,739,343,739
1204,2524,1243,2524,1243,2551,1204,2551
1216,2633,1237,2633,1237,2669,1216,2669
271,819,322,819,322,836,271,836
568,2695,598,2695,598,2711,568,2711
1090,2813,1125,2813,1125,2832,1090,2832
685,2696,717,2696,717,2713,685,2713
792,1284,845,1284,845,1304,792,1304
379,1634,434,1634,434,1652,379,1652
514,1989,533,1989,533,2021,514,2021
1305,203,1319,203,1319,221,1305,221
1394,1121,1413,1121,1413,1156,1394,1156
1827,1870,1850,1870,1850,1888,1827,1888
1750,801,1780,801,1780,826,1750,826
799,2155,845,2155,845,2176,799,2176
1091,2404,1122,2404,1122,2437,1091,2437
1038,2938,1070,2938,1070,2955,1038,2955
509,2971,555,2971,555,2993,509,2993
802,942,832,942,832,974,802,974
1717,1648,1762,1648,1762,1667,1717,1667
1212,1183,1244,1183,1244,1216,1212,1216
1160,1126,1177,1126,1177,1157,1160,1157
1156,951,1184,951,1184,981,1156,981
1100,1356,1119,1356,1119,1389,1100,1389
1333,2580,1351,2580,1351,2612,1333,2612
1031,2233,1068,2233,1068,2248,1031,2248
1450,1704,1468,1704,1468,1735,1450,1735
803,1817,830,1817,830,1845,803,1845
683,2164,712,2164,712,2193,683,2193
985,889,1007,889,1007,920,985,920
580,3044,602,3044,602,3069,580,3069
803,717,839,717,839,735,803,735
512,1935,536,1935,536,1956,512,1956
804,1007,837,1007,837,1023,804,1023
1211,723,1247,723,1247,738,1211,738
804,2640,832,2640,832,2655,804,2655
1742,1320,1775,1320,1775,1342,1742,1342
1588,1296,1636,1296,1636,1319,1588,1319
1660,799,1691,799,1691,827,1660,827
1377,1551,1418,1551,1418,1571,1377,1571
1645,1560,1684,1560,1684,1590,1645,1590
