169,2954,217,2954,217,3005,169,3005
2049,1907,2100,1907,2100,1957,2049,1957
171,3131,211,3131,211,3180,171,3180
170,3075,209,3075,209,3123,170,3123
1937,1471,1982,1471,1982,1512,1937,1512
164,3014,220,3014,220,3066,164,3066
714,2899,759,2899,759,2946,714,2946
1648,1698,1693,1698,1693,1742,1648,1742
706,2839,762,2839,762,2890,706,2890
1202,1302,1243,1302,1243,1336,1202,1336
751,707,810,707,810,762,751,762
415,2255,469,2255,469,2310,415,2310
1,3197,26,3197,26,3236,1,3236
920,841,1010,841,1010,918,920,918
166,2913,221,2913,221,2935,166,2935
1713,2205,1766,2205,1766,2258,1713,2258
418,3230,472,3230,472,3254,418,3254
923,1363,1007,1363,1007,1448,923,1448
1347,3117,1400,3117,1400,3139,1347,3139
414,2373,471,2373,471,2423,414,2423
781,1956,835,1956,835,1980,781,1980
236,2690,294,2690,294,2743,236,2743
998,2928,1055,2928,1055,2975,998,2975
531,447,589,447,589,500,531,500
781,2229,836,2229,836,2276,781,2276
487,3043,542,3043,542,3093,487,3093
168,2319,215,2319,215,2360,168,2360
1938,1530,1982,1530,1982,1568,1938,1568
238,2174,293,2174,293,2214,238,2214
167,1944,219,1944,219,1984,167,1984
167,1496,219,1496,219,1537,167,1537
778,3218,836,3218,836,3271,778,3271
852,1882,906,1882,906,1929,852,1929
1419,2176,1476,2176,1476,2225,1419,2225
418,2320,463,2320,463,2358,418,2358
326,2402,379,2402,379,2452,326,2452
1859,2699,1909,2699,1909,2740,1859,2740
2040,611,2087,611,2087,652,2040,652
388,1085,443,1085,443,1135,388,1135
1786,2348,1839,2348,1839,2399,1786,2399
458,795,514,795,514,846,458,846
239,2749,293,2749,293,2801,239,2801
488,3157,542,3157,542,3211,488,3211
459,972,516,972,516,1023,459,1023
926,2115,979,2115,979,2166,926,2166
461,1785,518,1785,518,1835,461,1835
1929,2406,1985,2406,1985,2456,1929,2456
315,1259,370,1259,370,1309,315,1309
1652,786,1676,786,1676,821,1652,821
681,1784,737,1784,737,1833,681,1833
487,2699,543,2699,543,2746,487,2746
712,2495,763,2495,763,2538,712,2538
1072,3100,1126,3100,1126,3151,1072,3151
563,2866,615,2866,615,2919,563,2919
488,1996,542,1996,542,2048,488,2048
328,2347,378,2347,378,2392,328,2392
385,443,441,443,441,496,385,496
411,1935,466,1935,466,1988,411,1988
165,2606,221,2606,221,2657,165,2657
632,3159,689,3159,689,3213,632,3213
753,797,810,797,810,849,753,849
1928,2635,1983,2635,1983,2685,1928,2685
1567,1885,1620,1885,1620,1937,1567,1937
680,681,734,681,734,729,680,729
1000,2870,1051,2870,1051,2924,1000,2924
1713,2410,1767,2410,1767,2458,1713,2458
1070,3215,1128,3215,1128,3269,1070,3269
681,1728,736,1728,736,1781,681,1781
165,1780,223,1780,223,1833,165,1833
679,740,734,740,734,792,679,792
707,3103,761,3103,761,3153,707,3153
853,2703,899,2703,899,2732,853,2732
636,1937,686,1937,686,1985,636,1985
1712,2146,1767,2146,1767,2197,1712,2197
2045,1764,2102,1764,2102,1813,2045,1813
637,2288,688,2288,688,2335,637,2335
782,2524,834,2524,834,2568,782,2568
324,2110,382,2110,382,2161,324,2161
238,2864,292,2864,292,2918,238,2918
1856,3042,1911,3042,1911,3095,1856,3095
1071,2812,1130,2812,1130,2864,1071,2864
2050,2050,2102,2050,2102,2102,2050,2102
462,1259,514,1259,514,1311,462,1311
1206,1885,1261,1885,1261,1936,1206,1936
168,910,223,910,223,961,168,961
489,2924,541,2924,541,2977,489,2977
388,1443,440,1443,440,1484,388,1484
682,1552,739,1552,739,1604,682,1604
927,2810,981,2810,981,2861,927,2861
460,1031,514,1031,514,1080,460,1080
239,1779,294,1779,294,1835,239,1835
241,1375,298,1375,298,1429,241,1429
241,1723,294,1723,294,1775,241,1775
1858,2633,1911,2633,1911,2687,1858,2687
1786,1884,1837,1884,1837,1934,1786,1934
242,1202,294,1202,294,1251,242,1251
489,2982,542,2982,542,3038,489,3038
754,1405,811,1405,811,1463,754,1463
1713,2577,1765,2577,1765,2631,1713,2631
2047,1611,2106,1611,2106,1669,2047,1669
753,1320,810,1320,810,1374,753,1374
1931,2811,1983,2811,1983,2862,1931,2862
241,1610,295,1610,295,1658,241,1658
1716,2266,1765,2266,1765,2307,1716,2307
312,912,367,912,367,966,312,966
1713,2087,1766,2087,1766,2139,1713,2139
241,1259,293,1259,293,1309,241,1309
1493,2985,1546,2985,1546,3036,1493,3036
562,2579,614,2579,614,2629,562,2629
324,1168,371,1168,371,1196,324,1196
1277,2058,1326,2058,1326,2107,1277,2107
488,3100,542,3100,542,3150,488,3150
237,621,295,621,295,674,237,674
533,563,589,563,589,615,533,615
708,1953,760,1953,760,1976,708,1976
487,1876,537,1876,537,1929,487,1929
1929,2522,1984,2522,1984,2575,1929,2575
1786,1945,1836,1945,1836,1992,1786,1992
239,2810,293,2810,293,2860,239,2860
1932,2175,1982,2175,1982,2227,1932,2227
242,3040,293,3040,293,3088,242,3088
240,1025,294,1025,294,1079,240,1079
1490,3162,1544,3162,1544,3203,1490,3203
1716,2947,1756,2947,1756,2965,1716,2965
464,1319,513,1319,513,1369,464,1369
239,790,295,790,295,843,239,843
493,1944,537,1944,537,1985,493,1985
1421,2059,1474,2059,1474,2108,1421,2108
683,1612,738,1612,738,1662,683,1662
1788,2000,1837,2000,1837,2050,1788,2050
707,2664,758,2664,758,2715,707,2715
331,3099,383,3099,383,3148,331,3148
165,790,222,790,222,844,165,844
1646,2073,1687,2073,1687,2092,1646,2092
488,3217,542,3217,542,3270,488,3270
561,2347,616,2347,616,2399,561,2399
389,1554,441,1554,441,1603,389,1603
780,2871,834,2871,834,2917,780,2917
237,2982,291,2982,291,3033,237,3033
240,2577,290,2577,290,2627,240,2627
1421,1950,1474,1950,1474,1990,1421,1990
855,2928,906,2928,906,2979,855,2979
1928,2465,1985,2465,1985,2515,1928,2515
928,2985,981,2985,981,3037,928,3037
561,2695,612,2695,612,2739,561,2739
1784,2925,1837,2925,1837,2975,1784,2975
169,1664,221,1664,221,1711,169,1711
414,2199,467,2199,467,2251,414,2251
1863,2234,1913,2234,1913,2283,1863,2283
166,2373,215,2373,215,2421,166,2421
680,448,736,448,736,498,680,498
781,2462,836,2462,836,2517,781,2517
491,2811,545,2811,545,2862,491,2862
388,1202,440,1202,440,1255,388,1255
1566,3043,1618,3043,1618,3094,1566,3094
239,1879,290,1879,290,1927,239,1927
1784,2866,1835,2866,1835,2916,1784,2916
712,2430,761,2430,761,2476,712,2476
164,1610,223,1610,223,1660,164,1660
239,1084,293,1084,293,1136,239,1136
327,2286,380,2286,380,2334,327,2334
168,3213,221,3213,221,3266,168,3266
241,2931,287,2931,287,2970,241,2970
1072,3162,1126,3162,1126,3210,1072,3210
1636,3159,1690,3159,1690,3210,1636,3210
1275,2987,1325,2987,1325,3033,1275,3033
1348,2989,1399,2989,1399,3035,1348,3035
1348,2698,1400,2698,1400,2744,1348,2744
854,3040,907,3040,907,3095,854,3095
316,968,366,968,366,1018,316,1018
1707,3158,1765,3158,1765,3211,1707,3211
242,1550,292,1550,292,1604,242,1604
247,453,287,453,287,486,247,486
389,1379,439,1379,439,1428,389,1428
165,1879,217,1879,217,1931,165,1931
561,2638,613,2638,613,2686,561,2686
926,2055,982,2055,982,2108,926,2108
166,2782,217,2782,217,2829,166,2829
561,2927,616,2927,616,2978,561,2978
612,1669,664,1669,664,1716,612,1716
329,3039,381,3039,381,3093,329,3093
169,2546,221,2546,221,2595,169,2595
1280,1281,1322,1281,1322,1320,1280,1320
1275,2233,1329,2233,1329,2282,1275,2282
1642,2175,1696,2175,1696,2227,1642,2227
1711,3100,1762,3100,1762,3150,1711,3150
1930,3219,1984,3219,1984,3269,1930,3269
242,1432,293,1432,293,1484,242,1484
328,3213,382,3213,382,3263,328,3263
927,3160,980,3160,980,3213,927,3213
930,2174,980,2174,980,2223,930,2223
853,2228,908,2228,908,2282,853,2282
1493,2867,1546,2867,1546,2919,1493,2919
1425,1309,1467,1309,1467,1349,1425,1349
1272,2695,1327,2695,1327,2746,1272,2746
1637,3216,1692,3216,1692,3271,1637,3271
318,449,365,449,365,497,318,497
1710,3215,1764,3215,1764,3269,1710,3269
1202,983,1246,983,1246,1025,1202,1025
323,1391,361,1391,361,1408,323,1408
1934,3041,1983,3041,1983,3090,1934,3090
1783,3040,1835,3040,1835,3091,1783,3091
1720,1628,1764,1628,1764,1668,1720,1668
1646,2998,1688,2998,1688,3025,1646,3025
1930,2288,1983,2288,1983,2345,1930,2345
1711,3043,1763,3043,1763,3093,1711,3093
754,1055,808,1055,808,1109,754,1109
1713,2638,1761,2638,1761,2689,1713,2689
1497,792,1541,792,1541,832,1497,832
1493,2695,1547,2695,1547,2744,1493,2744
1785,2985,1834,2985,1834,3030,1785,3030
329,2460,379,2460,379,2509,329,2509
416,2808,465,2808,465,2857,416,2857
331,3164,379,3164,379,3205,331,3205
1927,3096,1984,3096,1984,3154,1927,3154
312,793,368,793,368,848,312,848
166,2085,216,2085,216,2137,166,2137
165,734,222,734,222,786,165,786
417,3039,467,3039,467,3093,417,3093
168,2492,215,2492,215,2539,168,2539
239,560,296,560,296,613,239,613
711,2726,760,2726,760,2772,711,2772
242,2226,290,2226,290,2278,242,2278
1003,2407,1052,2407,1052,2457,1003,2457
1131,487,1178,487,1178,533,1131,533
853,3219,908,3219,908,3270,853,3270
535,502,587,502,587,558,535,558
1932,2984,1979,2984,1979,3031,1932,3031
1931,2872,1982,2872,1982,2918,1931,2918
1075,2639,1126,2639,1126,2689,1075,2689
1935,2234,1985,2234,1985,2283,1935,2283
385,503,441,503,441,557,385,557
329,2053,379,2053,379,2106,329,2106
1714,2351,1765,2351,1765,2394,1714,2394
1717,2881,1758,2881,1758,2914,1717,2914
927,3041,977,3041,977,3099,927,3099
461,852,511,852,511,907,461,907
1865,2123,1910,2123,1910,2163,1865,2163
385,1140,441,1140,441,1193,385,1193
391,1316,443,1316,443,1367,391,1367
168,1377,220,1377,220,1424,168,1424
386,968,440,968,440,1024,386,1024
1932,2925,1982,2925,1982,2976,1932,2976
754,1497,809,1497,809,1550,754,1550
1572,1527,1616,1527,1616,1566,1572,1566
713,2551,759,2551,759,2596,713,2596
327,2925,379,2925,379,2977,327,2977
311,1551,367,1551,367,1604,311,1604
461,1492,515,1492,515,1543,461,1543
1931,2117,1987,2117,1987,2168,1931,2168
1711,2813,1760,2813,1760,2867,1711,2867
1129,662,1174,662,1174,706,1129,706
1791,451,1835,451,1835,491,1791,491
1861,1945,1910,1945,1910,1992,1861,1992
1274,1884,1327,1884,1327,1933,1274,1933
680,505,735,505,735,557,680,557
1208,1998,1256,1998,1256,2052,1208,2052
1004,2291,1051,2291,1051,2339,1004,2339
497,2580,541,2580,541,2625,497,2625
1003,2752,1050,2752,1050,2807,1003,2807
1864,2289,1912,2289,1912,2341,1864,2341
1350,1025,1394,1025,1394,1067,1350,1067
682,1440,738,1440,738,1490,682,1490
388,1611,440,1611,440,1659,388,1659
164,1026,221,1026,221,1080,164,1080
642,3220,687,3220,687,3265,642,3265
246,865,286,865,286,895,246,895
635,1883,686,1883,686,1927,635,1927
1073,2174,1127,2174,1127,2223,1073,2223
1496,706,1540,706,1540,748,1496,748
861,2578,909,2578,909,2628,861,2628
490,2868,538,2868,538,2917,490,2917
240,2111,291,2111,291,2162,240,2162
1495,1947,1546,1947,1546,1988,1495,1988
1203,1344,1247,1344,1247,1384,1203,1384
1271,3218,1327,3218,1327,3272,1271,3272
491,2284,539,2284,539,2338,491,2338
533,1031,589,1031,589,1078,533,1078
1349,2754,1402,2754,1402,2807,1349,2807
313,1667,366,1667,366,1718,313,1718
417,3160,470,3160,470,3209,417,3209
566,1876,615,1876,615,1928,566,1928
414,2925,467,2925,467,2975,414,2975
1202,944,1243,944,1243,977,1202,977
684,916,736,916,736,963,684,963
239,679,291,679,291,729,239,729
169,2670,216,2670,216,2710,169,2710
331,2873,378,2873,378,2913,331,2913
413,2982,465,2982,465,3036,413,3036
1202,896,1247,896,1247,937,1202,937
241,1492,293,1492,293,1544,241,1544
1641,2288,1696,2288,1696,2340,1641,2340
1638,2753,1688,2753,1688,2803,1638,2803
390,742,436,742,436,782,390,782
1493,2927,1544,2927,1544,2978,1493,2978
164,1993,214,1993,214,2048,164,2048
1647,1497,1690,1497,1690,1538,1647,1538
1867,453,1907,453,1907,488,1867,488
1570,2234,1619,2234,1619,2281,1570,2281
1005,2173,1050,2173,1050,2226,1005,2226
167,1434,220,1434,220,1481,167,1481
1641,1883,1691,1883,1691,1932,1641,1932
165,1256,211,1256,211,1285,165,1285
854,3103,903,3103,903,3156,854,3156
1642,2116,1691,2116,1691,2166,1642,2166
1938,1287,1980,1287,1980,1323,1938,1323
2043,2884,2088,2884,2088,2926,2043,2926
1278,816,1318,816,1318,844,1278,844
313,1728,368,1728,368,1776,313,1776
1572,1441,1616,1441,1616,1480,1572,1480
168,1141,219,1141,219,1195,168,1195
1720,1584,1765,1584,1765,1626,1720,1626
1494,2753,1547,2753,1547,2802,1494,2802
933,1883,977,1883,977,1930,933,1930
754,1147,811,1147,811,1196,754,1196
1423,1887,1469,1887,1469,1936,1423,1936
638,2810,684,2810,684,2859,638,2859
1868,542,1906,542,1906,574,1868,574
1142,2115,1193,2115,1193,2164,1142,2164
1718,1367,1763,1367,1763,1410,1718,1410
1861,2757,1905,2757,1905,2805,1861,2805
1724,1713,1767,1713,1767,1753,1724,1753
562,3044,613,3044,613,3096,562,3096
567,2748,617,2748,617,2800,567,2800
1279,447,1323,447,1323,488,1279,488
1352,793,1394,793,1394,835,1352,835
1353,1343,1396,1343,1396,1383,1353,1383
538,739,583,739,583,789,538,789
861,3164,904,3164,904,3210,861,3210
758,1238,804,1238,804,1279,758,1279
711,2118,755,2118,755,2158,711,2158
1790,667,1835,667,1835,707,1790,707
858,2992,903,2992,903,3031,858,3031
1642,977,1686,977,1686,1021,1642,1021
415,2081,469,2081,469,2133,415,2133
564,2171,614,2171,614,2222,564,2222
534,1085,588,1085,588,1138,534,1138
787,2174,831,2174,831,2218,787,2218
1420,2983,1473,2983,1473,3037,1420,3037
856,1942,905,1942,905,1989,856,1989
1130,708,1171,708,1171,747,1130,747
1578,1957,1613,1957,1613,1974,1578,1974
1207,1715,1249,1715,1249,1754,1207,1754
1354,709,1393,709,1393,744,1354,744
606,1203,663,1203,663,1256,606,1256
1277,1944,1326,1944,1326,1990,1277,1990
1861,2582,1908,2582,1908,2627,1861,2627
2044,2799,2087,2799,2087,2839,2044,2839
249,978,289,978,289,1011,249,1011
1859,2521,1911,2521,1911,2570,1859,2570
169,620,215,620,215,662,169,662
1204,1483,1249,1483,1249,1527,1204,1527
163,2259,219,2259,219,2307,163,2307
1716,1949,1762,1949,1762,1990,1716,1990
1933,2701,1978,2701,1978,2747,1933,2747
536,1144,583,1144,583,1199,536,1199
752,881,809,881,809,936,752,936
1429,2526,1472,2526,1472,2573,1429,2573
249,2052,290,2052,290,2102,249,2102
1857,2924,1910,2924,1910,2977,1857,2977
1643,890,1686,890,1686,933,1643,933
1498,1125,1539,1125,1539,1167,1498,1167
1937,1417,1981,1417,1981,1455,1937,1455
1566,2173,1621,2173,1621,2224,1566,2224
1567,2115,1619,2115,1619,2167,1567,2167
685,567,733,567,733,614,685,614
490,2403,540,2403,540,2455,490,2455
2044,3007,2087,3007,2087,3035,2044,3035
636,2346,690,2346,690,2395,636,2395
1352,841,1392,841,1392,874,1352,874
1203,1126,1245,1126,1245,1167,1203,1167
333,2521,379,2521,379,2568,333,2568
1723,2317,1769,2317,1769,2342,1723,2342
1789,2641,1833,2641,1833,2680,1789,2680
2045,2712,2089,2712,2089,2755,2045,2755
681,1090,732,1090,732,1138,681,1138
929,2755,980,2755,980,2801,929,2801
566,2234,608,2234,608,2279,566,2279
1711,2467,1763,2467,1763,2513,1711,2513
1421,2406,1474,2406,1474,2459,1421,2459
1433,440,1456,440,1456,489,1433,489
859,2117,903,2117,903,2164,859,2164
780,2635,834,2635,834,2687,780,2687
1494,2816,1543,2816,1543,2858,1494,2858
1274,2521,1329,2521,1329,2575,1274,2575
1930,2348,1983,2348,1983,2397,1930,2397
1571,667,1611,667,1611,705,1571,705
1719,2711,1755,2711,1755,2731,1719,2731
494,2169,542,2169,542,2218,494,2218
419,2868,464,2868,464,2916,419,2916
169,975,211,975,211,1009,169,1009
1861,2405,1906,2405,1906,2458,1861,2458
310,855,369,855,369,907,310,907
756,971,808,971,808,1022,756,1022
1938,450,1981,450,1981,490,1938,490
1423,835,1469,835,1469,878,1423,878
635,2054,688,2054,688,2107,635,2107
416,2546,470,2546,470,2596,416,2596
2038,824,2089,824,2089,854,2038,854
463,1086,511,1086,511,1136,463,1136
312,1201,369,1201,369,1253,312,1253
2044,3041,2088,3041,2088,3077,2044,3077
534,1554,589,1554,589,1605,534,1605
633,3099,684,3099,684,3151,633,3151
492,2522,543,2522,543,2569,492,2569
248,1685,290,1685,290,1703,248,1703
855,2813,907,2813,907,2865,855,2865
1794,938,1832,938,1832,955,1794,955
927,2936,972,2936,972,2965,927,2965
488,2054,543,2054,543,2103,488,2103
247,514,287,514,287,547,247,547
1493,2060,1549,2060,1549,2106,1493,2106
607,448,658,448,658,498,607,498
1789,624,1834,624,1834,664,1789,664
1278,1069,1320,1069,1320,1107,1278,1107
710,2985,760,2985,760,3034,710,3034
1793,1271,1833,1271,1833,1311,1793,1311
1862,3100,1908,3100,1908,3151,1862,3151
1570,1018,1614,1018,1614,1059,1570,1059
1934,2004,1981,2004,1981,2053,1934,2053
999,3103,1054,3103,1054,3152,999,3152
1790,2063,1834,2063,1834,2102,1790,2102
1352,2526,1401,2526,1401,2571,1352,2571
1007,2584,1054,2584,1054,2629,1007,2629
1497,2115,1546,2115,1546,2161,1497,2161
606,1086,657,1086,657,1137,606,1137
1937,668,1980,668,1980,707,1937,707
314,1433,369,1433,369,1486,314,1486
1346,1883,1399,1883,1399,1935,1346,1935
1791,581,1833,581,1833,616,1791,616
1002,2350,1052,2350,1052,2398,1002,2398
786,2991,828,2991,828,3035,786,3035
1939,1063,1977,1063,1977,1094,1939,1094
388,1028,441,1028,441,1076,388,1076
1719,1240,1759,1240,1759,1279,1719,1279
1937,1190,1979,1190,1979,1226,1937,1226
1280,1756,1323,1756,1323,1794,1280,1794
1080,1944,1125,1944,1125,1988,1080,1988
1277,1178,1321,1178,1321,1219,1277,1219
710,2778,758,2778,758,2831,710,2831
1501,1257,1541,1257,1541,1298,1501,1298
1350,1284,1394,1284,1394,1326,1350,1326
249,3213,293,3213,293,3265,249,3265
1203,809,1246,809,1246,847,1203,847
642,2237,683,2237,683,2282,642,2282
1496,449,1540,449,1540,490,1496,490
1355,2642,1398,2642,1398,2686,1355,2686
1277,982,1320,982,1320,1023,1277,1023
1201,1257,1246,1257,1246,1295,1201,1295
1791,1314,1836,1314,1836,1358,1791,1358
172,512,212,512,212,545,172,545
1498,3046,1543,3046,1543,3090,1498,3090
173,693,218,693,218,722,173,722
1936,2583,1982,2583,1982,2628,1936,2628
247,3157,286,3157,286,3202,247,3202
1420,2232,1476,2232,1476,2284,1420,2284
711,3044,757,3044,757,3091,711,3091
1351,2236,1400,2236,1400,2284,1351,2284
243,3098,286,3098,286,3147,243,3147
459,736,513,736,513,788,459,788
1570,1999,1616,1999,1616,2055,1570,2055
1497,1213,1541,1213,1541,1253,1497,1253
607,737,660,737,660,789,607,789
1282,2178,1325,2178,1325,2222,1282,2222
1428,1757,1470,1757,1470,1797,1428,1797
1718,1110,1759,1110,1759,1148,1718,1148
1354,2409,1399,2409,1399,2457,1354,2457
1937,581,1981,581,1981,623,1937,623
1939,1617,1983,1617,1983,1659,1939,1659
1723,1756,1766,1756,1766,1799,1723,1799
1499,1366,1542,1366,1542,1406,1499,1406
1935,883,1978,883,1978,924,1935,924
930,2698,981,2698,981,2750,930,2750
785,2119,828,2119,828,2159,785,2159
1722,454,1759,454,1759,487,1722,487
1935,1015,1977,1015,1977,1057,1935,1057
1076,1879,1129,1879,1129,1935,1076,1935
1719,537,1760,537,1760,577,1719,577
249,2634,283,2634,283,2684,249,2684
1935,1241,1980,1241,1980,1282,1935,1282
1282,1801,1323,1801,1323,1840,1282,1840
1421,2816,1469,2816,1469,2863,1421,2863
1719,1153,1760,1153,1760,1193,1719,1193
244,1937,287,1937,287,1985,244,1985
498,2110,537,2110,537,2162,498,2162
1497,576,1539,576,1539,619,1497,619
1566,3221,1616,3221,1616,3268,1566,3268
1563,3101,1611,3101,1611,3127,1563,3127
857,2410,902,2410,902,2451,857,2451
1206,1757,1247,1757,1247,1798,1206,1798
689,1498,733,1498,733,1543,689,1543
1429,1584,1470,1584,1470,1624,1429,1624
569,2467,609,2467,609,2512,569,2512
1644,1063,1687,1063,1687,1106,1644,1106
1428,1123,1468,1123,1468,1163,1428,1163
493,2756,538,2756,538,2801,493,2801
1716,2003,1762,2003,1762,2050,1716,2050
929,2228,981,2228,981,2281,929,2281
1134,534,1172,534,1172,574,1134,574
422,1881,466,1881,466,1926,422,1926
1352,664,1395,664,1395,705,1352,705
634,2460,690,2460,690,2511,634,2511
781,3040,835,3040,835,3095,781,3095
606,1147,663,1147,663,1195,606,1195
1939,716,1976,716,1976,749,1939,749
1281,1669,1322,1669,1322,1711,1281,1711
1794,970,1830,970,1830,1007,1794,1007
1940,1662,1982,1662,1982,1700,1940,1700
1205,489,1248,489,1248,530,1205,530
1357,2929,1394,2929,1394,2979,1357,2979
562,1998,615,1998,615,2047,562,2047
535,912,585,912,585,967,535,967
1424,2639,1472,2639,1472,2685,1424,2685
1864,802,1903,802,1903,836,1864,836
249,922,287,922,287,952,249,952
1795,1586,1838,1586,1838,1625,1795,1625
1280,577,1321,577,1321,618,1280,618
1355,1713,1394,1713,1394,1752,1355,1752
1425,1440,1468,1440,1468,1479,1425,1479
1283,2869,1324,2869,1324,2919,1283,2919
1424,660,1468,660,1468,702,1424,702
608,1264,661,1264,661,1315,608,1315
2041,694,2085,694,2085,738,2041,738
1796,1448,1836,1448,1836,1486,1796,1486
1792,1099,1832,1099,1832,1140,1792,1140
1789,1057,1833,1057,1833,1096,1789,1096
1569,2406,1621,2406,1621,2458,1569,2458
1942,1800,1982,1800,1982,1841,1942,1841
1282,2291,1323,2291,1323,2337,1282,2337
1942,1581,1979,1581,1979,1613,1942,1613
718,2606,758,2606,758,2656,718,2656
608,796,660,796,660,845,608,845
1012,2118,1050,2118,1050,2166,1012,2166
335,2230,371,2230,371,2277,335,2277
1787,2695,1832,2695,1832,2742,1787,2742
1430,2004,1470,2004,1470,2052,1430,2052
175,2432,211,2432,211,2484,175,2484
690,854,732,854,732,905,690,905
1785,3100,1836,3100,1836,3150,1785,3150
1797,1673,1840,1673,1840,1713,1797,1713
1865,754,1907,754,1907,794,1865,794
1795,1367,1831,1367,1831,1398,1795,1398
422,3102,464,3102,464,3149,422,3149
544,1731,580,1731,580,1777,544,1777
1573,1177,1612,1177,1612,1221,1573,1221
1574,1397,1616,1397,1616,1438,1574,1438
1649,1953,1687,1953,1687,1985,1649,1985
1348,1940,1400,1940,1400,1993,1348,1993
1788,883,1832,883,1832,924,1788,924
782,2696,830,2696,830,2746,782,2746
1355,2472,1397,2472,1397,2519,1355,2519
794,2925,832,2925,832,2976,794,2976
419,2726,463,2726,463,2767,419,2767
682,1668,739,1668,739,1722,682,1722
943,2522,979,2522,979,2574,943,2574
1208,541,1245,541,1245,574,1208,574
1643,736,1684,736,1684,780,1643,780
1717,2993,1755,2993,1755,3031,1717,3031
1575,2944,1615,2944,1615,2972,1575,2972
1273,2926,1330,2926,1330,2977,1273,2977
1425,535,1466,535,1466,571,1425,571
1937,755,1980,755,1980,797,1937,797
1786,3158,1832,3158,1832,3208,1786,3208
1937,977,1974,977,1974,1011,1937,1011
611,913,659,913,659,959,611,959
319,568,362,568,362,614,319,614
718,1996,752,1996,752,2047,718,2047
1007,2057,1048,2057,1048,2107,1007,2107
1206,634,1247,634,1247,676,1206,676
535,679,587,679,587,733,535,733
1004,2464,1050,2464,1050,2511,1004,2511
1358,2871,1391,2871,1391,2921,1358,2921
1498,1009,1540,1009,1540,1052,1498,1052
315,679,364,679,364,729,315,729
2039,653,2085,653,2085,692,2039,692
570,2406,606,2406,606,2453,570,2453
1576,1485,1616,1485,1616,1523,1576,1523
1640,2464,1691,2464,1691,2515,1640,2515
399,1497,436,1497,436,1546,399,1546
679,799,734,799,734,852,679,852
1872,2982,1907,2982,1907,3030,1872,3030
321,1029,368,1029,368,1076,321,1076
1870,2351,1906,2351,1906,2400,1870,2400
539,1326,585,1326,585,1367,539,1367
790,1996,825,1996,825,2049,790,2049
684,1258,734,1258,734,1307,684,1307
390,563,436,563,436,612,390,612
1278,2002,1324,2002,1324,2050,1278,2050
1569,578,1613,578,1613,620,1569,620
1719,941,1756,941,1756,974,1719,974
251,747,288,747,288,779,251,779
1089,2231,1126,2231,1126,2282,1089,2282
1717,891,1759,891,1759,933,1717,933
852,2638,910,2638,910,2688,852,2688
1862,3162,1903,3162,1903,3211,1862,3211
1716,850,1759,850,1759,887,1716,887
1791,2173,1837,2173,1837,2222,1791,2222
464,1607,512,1607,512,1662,464,1662
1643,2812,1687,2812,1687,2859,1643,2859
1277,763,1321,763,1321,805,1277,805
1726,1672,1762,1672,1762,1710,1726,1710
1281,1367,1320,1367,1320,1409,1281,1409
1501,1588,1537,1588,1537,1622,1501,1622
1716,674,1758,674,1758,714,1716,714
1352,2817,1396,2817,1396,2864,1352,2864
1653,2247,1686,2247,1686,2264,1653,2264
649,2925,687,2925,687,2979,649,2979
1644,1194,1688,1194,1688,1234,1644,1234
1638,2576,1692,2576,1692,2629,1638,2629
537,628,582,628,582,667,537,667
1494,2231,1548,2231,1548,2284,1494,2284
571,2816,607,2816,607,2858,571,2858
391,795,438,795,438,843,391,843
1428,885,1465,885,1465,919,1428,919
863,2002,898,2002,898,2046,863,2046
1574,2585,1614,2585,1614,2625,1574,2625
497,2229,531,2229,531,2275,497,2275
571,3215,606,3215,606,3267,571,3267
1499,838,1540,838,1540,872,1499,872
1789,1185,1835,1185,1835,1227,1789,1227
1072,2931,1129,2931,1129,2981,1072,2981
1941,495,1981,495,1981,532,1941,532
248,1153,282,1153,282,1186,248,1186
1935,1100,1977,1100,1977,1141,1935,1141
339,2644,375,2644,375,2682,339,2682
1204,1169,1244,1169,1244,1212,1204,1212
1498,1313,1538,1313,1538,1351,1498,1351
173,452,212,452,212,485,173,485
1006,2004,1050,2004,1050,2049,1006,2049
1576,1358,1610,1358,1610,1391,1576,1391
1424,1066,1467,1066,1467,1106,1424,1106
173,1319,210,1319,210,1367,173,1367
1273,2580,1327,2580,1327,2632,1273,2632
1501,1459,1540,1459,1540,1484,1501,1484
1793,1142,1834,1142,1834,1182,1793,1182
1360,3160,1398,3160,1398,3212,1360,3212
1277,1236,1322,1236,1322,1277,1277,1277
1722,1328,1760,1328,1760,1361,1722,1361
1787,2456,1835,2456,1835,2511,1787,2511
176,1093,214,1093,214,1127,176,1127
470,1150,505,1150,505,1194,470,1194
252,1326,288,1326,288,1361,252,1361
1868,2866,1907,2866,1907,2917,1868,2917
1799,1636,1834,1636,1834,1669,1799,1669
1792,3220,1829,3220,1829,3266,1792,3266
1205,1073,1244,1073,1244,1106,1205,1106
249,2414,282,2414,282,2446,249,2446
710,1878,758,1878,758,1934,710,1934
1858,2813,1908,2813,1908,2859,1858,2859
1426,1355,1467,1355,1467,1391,1426,1391
1076,1997,1130,1997,1130,2048,1076,2048
696,1029,734,1029,734,1081,696,1081
783,1881,831,1881,831,1934,783,1934
1790,2115,1839,2115,1839,2167,1790,2167
1007,3223,1045,3223,1045,3269,1007,3269
171,2845,213,2845,213,2889,171,2889
1795,1233,1829,1233,1829,1270,1795,1270
389,1790,436,1790,436,1831,389,1831
1504,2179,1540,2179,1540,2225,1504,2225
1647,610,1682,610,1682,649,1647,649
1571,845,1611,845,1611,888,1571,888
473,1433,511,1433,511,1484,473,1484
1716,715,1757,715,1757,759,1716,759
464,1376,514,1376,514,1430,464,1430
1278,704,1323,704,1323,747,1278,747
1351,1200,1394,1200,1394,1241,1351,1241
247,2001,284,2001,284,2045,247,2045
933,2294,978,2294,978,2334,933,2334
1001,1883,1047,1883,1047,1932,1001,1932
1722,1285,1761,1285,1761,1322,1722,1322
930,2410,975,2410,975,2450,930,2450
782,3102,830,3102,830,3152,782,3152
1570,933,1612,933,1612,972,1570,972
1939,3160,1981,3160,1981,3210,1939,3210
319,740,365,740,365,785,319,785
1353,1668,1395,1668,1395,1710,1353,1710
1429,1712,1469,1712,1469,1753,1429,1753
1936,932,1977,932,1977,967,1936,967
1722,1201,1756,1201,1756,1232,1722,1232
1794,799,1832,799,1832,835,1794,835
1421,3161,1468,3161,1468,3207,1421,3207
1352,750,1393,750,1393,790,1352,790
572,2112,611,2112,611,2163,572,2163
540,1444,585,1444,585,1483,540,1483
2040,564,2083,564,2083,607,2040,607
1353,1540,1395,1540,1395,1581,1353,1581
1081,2405,1120,2405,1120,2454,1081,2454
1503,1174,1537,1174,1537,1208,1503,1208
1647,1112,1684,1112,1684,1145,1647,1145
1352,2122,1398,2122,1398,2161,1352,2161
1416,2927,1474,2927,1474,2979,1416,2979
1724,1887,1756,1887,1756,1934,1724,1934
539,1669,585,1669,585,1722,539,1722
332,2165,369,2165,369,2221,332,2221
1081,2763,1119,2763,1119,2805,1081,2805
1431,1630,1468,1630,1468,1664,1431,1664
1568,2640,1613,2640,1613,2689,1568,2689
607,505,662,505,662,559,607,559
614,1556,658,1556,658,1604,614,1604
1207,1668,1249,1668,1249,1711,1207,1711
1212,2183,1257,2183,1257,2225,1212,2225
1282,3103,1325,3103,1325,3152,1282,3152
933,2586,976,2586,976,2631,933,2631
1284,3048,1319,3048,1319,3092,1284,3092
1211,681,1240,681,1240,716,1211,716
1944,1762,1978,1762,1978,1794,1944,1794
1570,451,1614,451,1614,486,1570,486
680,620,734,620,734,675,680,675
1873,1885,1910,1885,1910,1937,1873,1937
1280,899,1320,899,1320,931,1280,931
1279,1027,1319,1027,1319,1064,1279,1064
1721,1452,1763,1452,1763,1495,1721,1495
177,1551,216,1551,216,1601,177,1601
1938,1712,1982,1712,1982,1755,1938,1755
414,2431,470,2431,470,2482,414,2482
1868,582,1903,582,1903,619,1868,619
1278,2468,1324,2468,1324,2509,1278,2509
689,1326,724,1326,724,1371,689,1371
1938,843,1977,843,1977,881,1938,881
462,919,508,919,508,958,462,958
927,1939,981,1939,981,1993,927,1993
683,1377,735,1377,735,1431,683,1431
1136,752,1168,752,1168,787,1136,787
545,1493,586,1493,586,1546,545,1546
544,1210,580,1210,580,1253,544,1253
1636,3043,1689,3043,1689,3096,1636,3096
1503,2467,1545,2467,1545,2513,1503,2513
1425,488,1466,488,1466,531,1425,531
1277,1122,1319,1122,1319,1158,1277,1158
1499,1631,1543,1631,1543,1665,1499,1665
536,1611,588,1611,588,1665,536,1665
1421,2753,1472,2753,1472,2805,1421,2805
1940,800,1975,800,1975,837,1940,837
430,2607,466,2607,466,2658,430,2658
1356,2061,1393,2061,1393,2105,1356,2105
466,507,510,507,510,554,466,554
1717,977,1757,977,1757,1020,1717,1020
785,2349,832,2349,832,2397,785,2397
1494,2578,1549,2578,1549,2630,1494,2630
785,3161,830,3161,830,3208,785,3208
1277,2752,1327,2752,1327,2801,1277,2801
1497,3225,1539,3225,1539,3264,1497,3264
1789,1011,1834,1011,1834,1054,1789,1054
172,569,209,569,209,605,172,605
1718,495,1761,495,1761,536,1718,536
475,562,512,562,512,614,475,614
1726,1510,1762,1510,1762,1525,1726,1525
933,2001,968,2001,968,2048,933,2048
1652,2364,1693,2364,1693,2391,1652,2391
338,2982,372,2982,372,3032,338,3032
1793,842,1829,842,1829,879,1793,879
640,2639,686,2639,686,2684,640,2684
173,2145,209,2145,209,2189,173,2189
1010,3051,1043,3051,1043,3095,1010,3095
565,3099,611,3099,611,3152,565,3152
1794,1490,1837,1490,1837,1531,1794,1531
1574,494,1608,494,1608,530,1574,530
1206,769,1245,769,1245,802,1206,802
572,2984,610,2984,610,3034,572,3034
1350,1998,1395,1998,1395,2049,1350,2049
1213,1946,1251,1946,1251,1992,1213,1992
333,2816,371,2816,371,2847,333,2847
1356,2297,1392,2297,1392,2341,1356,2341
1569,2350,1620,2350,1620,2401,1569,2401
1430,751,1463,751,1463,791,1430,791
1644,824,1681,824,1681,866,1644,866
1862,622,1908,622,1908,664,1862,664
1791,538,1835,538,1835,575,1791,575
1647,937,1682,937,1682,973,1647,973
1645,1022,1685,1022,1685,1059,1645,1059
1795,497,1833,497,1833,532,1795,532
1795,2581,1825,2581,1825,2628,1795,2628
1429,1806,1469,1806,1469,1838,1429,1838
864,2295,900,2295,900,2338,864,2338
1286,2120,1317,2120,1317,2162,1286,2162
1011,1943,1045,1943,1045,1993,1011,1993
1356,1160,1390,1160,1390,1193,1356,1193
397,1674,433,1674,433,1718,397,1718
1356,2177,1394,2177,1394,2224,1356,2224
1788,753,1834,753,1834,793,1788,793
930,2466,976,2466,976,2513,930,2513
616,622,658,622,658,674,616,674
858,2520,908,2520,908,2570,858,2570
1203,1399,1247,1399,1247,1438,1203,1438
171,2722,211,2722,211,2773,171,2773
1943,538,1976,538,1976,576,1943,576
1863,711,1907,711,1907,750,1863,750
1658,1805,1688,1805,1688,1841,1658,1841
1647,1153,1687,1153,1687,1190,1647,1190
1425,578,1464,578,1464,616,1425,616
1650,654,1679,654,1679,690,1650,690
858,2177,901,2177,901,2223,858,2223
174,857,214,857,214,894,174,894
620,680,652,680,652,727,620,727
1084,2346,1118,2346,1118,2396,1084,2396
1501,972,1536,972,1536,1004,1501,1004
398,1260,437,1260,437,1310,398,1310
1431,2872,1470,2872,1470,2921,1431,2921
1281,1413,1317,1413,1317,1451,1281,1451
179,1210,212,1210,212,1237,179,1237
1801,1798,1835,1798,1835,1839,1801,1839
541,799,577,799,577,844,541,844
715,3165,751,3165,751,3208,715,3208
1011,2521,1046,2521,1046,2573,1011,2573
1868,669,1906,669,1906,706,1868,706
1573,2882,1612,2882,1612,2916,1573,2916
1568,2522,1621,2522,1621,2573,1568,2573
1355,1482,1393,1482,1393,1523,1355,1523
396,1730,430,1730,430,1778,396,1778
1717,1021,1759,1021,1759,1061,1717,1061
332,1941,369,1941,369,1989,332,1989
538,1264,591,1264,591,1311,538,1311
575,2525,605,2525,605,2571,575,2571
1573,710,1609,710,1609,747,1573,747
1359,1801,1393,1801,1393,1840,1359,1840
398,682,430,682,430,727,398,727
1724,1414,1758,1414,1758,1447,1724,1447
1354,3047,1391,3047,1391,3091,1354,3091
1793,2525,1828,2525,1828,2570,1793,2570
426,2667,456,2667,456,2712,426,2712
1866,846,1903,846,1903,878,1866,878
177,1727,214,1727,214,1773,177,1773
543,969,587,969,587,1022,543,1022
1076,2695,1129,2695,1129,2743,1076,2743
1360,535,1386,535,1386,571,1360,571
1501,2351,1543,2351,1543,2394,1501,2394
1277,1538,1320,1538,1320,1578,1277,1578
1008,2639,1047,2639,1047,2688,1008,2688
1427,1221,1462,1221,1462,1259,1427,1259
1870,2062,1902,2062,1902,2109,1870,2109
1796,2234,1835,2234,1835,2283,1796,2283
1288,620,1314,620,1314,658,1288,658
1431,2467,1465,2467,1465,2517,1431,2517
1868,2005,1905,2005,1905,2049,1868,2049
1425,1266,1469,1266,1469,1305,1425,1305
1428,1403,1464,1403,1464,1435,1428,1435
609,563,660,563,660,617,609,617
1010,2700,1049,2700,1049,2747,1010,2747
790,2061,822,2061,822,2106,790,2106
866,2351,896,2351,896,2394,866,2394
1726,1542,1763,1542,1763,1581,1726,1581
1139,451,1168,451,1168,485,1139,485
327,504,365,504,365,556,327,556
1135,576,1171,576,1171,615,1135,615
619,855,654,855,654,907,619,907
1720,807,1754,807,1754,845,1720,845
389,911,440,911,440,962,389,962
1207,1573,1241,1573,1241,1610,1207,1610
1498,1065,1535,1065,1535,1106,1498,1106
1797,2295,1828,2295,1828,2341,1797,2341
634,2402,689,2402,689,2454,634,2454
253,2349,282,2349,282,2388,253,2388
940,2348,972,2348,972,2397,940,2397
324,1628,361,1628,361,1645,324,1645
1280,491,1322,491,1322,530,1280,530
1427,980,1468,980,1468,1023,1427,1023
1282,1499,1317,1499,1317,1534,1282,1534
1352,880,1392,880,1392,921,1352,921
1505,2003,1544,2003,1544,2051,1505,2051
635,2524,687,2524,687,2567,635,2567
1428,1542,1468,1542,1468,1580,1428,1580
1711,2753,1764,2753,1764,2806,1711,2806
1500,534,1535,534,1535,573,1500,573
1645,1325,1690,1325,1690,1365,1645,1365
1798,1759,1840,1759,1840,1797,1798,1797
1356,576,1391,576,1391,618,1356,618
316,1497,366,1497,366,1543,316,1543
1504,1802,1540,1802,1540,1842,1504,1842
1427,2583,1470,2583,1470,2628,1427,2628
1426,3217,1468,3217,1468,3268,1426,3268
1569,806,1609,806,1609,841,1569,841
642,2750,679,2750,679,2802,642,2802
1943,1331,1974,1331,1974,1367,1943,1367
180,2199,203,2199,203,2252,180,2252
710,2233,761,2233,761,2277,710,2277
1356,1759,1394,1759,1394,1795,1356,1795
1281,1585,1320,1585,1320,1622,1281,1622
1079,2064,1122,2064,1122,2111,1079,2111
577,1936,612,1936,612,1989,577,1989
868,2472,895,2472,895,2508,868,2508
1283,665,1320,665,1320,696,1283,696
618,1439,652,1439,652,1487,618,1487
1500,754,1538,754,1538,786,1500,786
1352,494,1395,494,1395,528,1352,528
789,2582,825,2582,825,2628,789,2628
1874,497,1898,497,1898,533,1874,533
1651,2006,1684,2006,1684,2045,1651,2045
1509,2400,1544,2400,1544,2451,1509,2451
342,1877,366,1877,366,1927,342,1927
328,1087,360,1087,360,1135,328,1135
420,2147,463,2147,463,2186,420,2186
1942,1144,1967,1144,1967,1184,1942,1184
644,2115,683,2115,683,2163,644,2163
1643,2405,1692,2405,1692,2453,1643,2453
547,1380,578,1380,578,1428,547,1428
1426,1178,1467,1178,1467,1218,1426,1218
713,2174,750,2174,750,2223,713,2223
1800,1717,1835,1717,1835,1755,1800,1755
1645,2942,1683,2942,1683,2969,1645,2969
1438,2350,1461,2350,1461,2399,1438,2399
1422,2122,1468,2122,1468,2163,1422,2163
1432,3042,1469,3042,1469,3094,1432,3094
1798,2407,1832,2407,1832,2453,1798,2453
1580,1270,1606,1270,1606,1302,1580,1302
1644,448,1690,448,1690,490,1644,490
1277,2817,1327,2817,1327,2858,1277,2858
1507,1545,1531,1545,1531,1578,1507,1578
1425,1496,1470,1496,1470,1537,1425,1537
1274,2348,1327,2348,1327,2397,1274,2397
1288,850,1316,850,1316,892,1288,892
788,2295,829,2295,829,2340,788,2340
1878,2181,1904,2181,1904,2219,1878,2219
1716,762,1759,762,1759,802,1716,802
697,1145,721,1145,721,1196,697,1196
1203,1028,1244,1028,1244,1065,1203,1065
719,2292,751,2292,751,2336,719,2336
797,2754,820,2754,820,2804,797,2804
1209,2236,1256,2236,1256,2284,1209,2284
1273,2403,1326,2403,1326,2456,1273,2456
1500,488,1538,488,1538,529,1500,529
1425,618,1466,618,1466,659,1425,659
1287,1457,1314,1457,1314,1490,1287,1490
1078,3049,1123,3049,1123,3095,1078,3095
1353,927,1394,927,1394,964,1353,964
199,3188,221,3188,221,3207,199,3207
418,2002,460,2002,460,2045,418,2045
394,624,434,624,434,670,394,670
464,623,508,623,508,666,464,666
1353,969,1394,969,1394,1008,1353,1008
649,2170,685,2170,685,2222,649,2222
613,1502,659,1502,659,1543,613,1543
344,2761,364,2761,364,2796,344,2796
1496,2639,1546,2639,1546,2685,1496,2685
1647,702,1681,702,1681,722,1647,722
1359,1117,1388,1117,1388,1150,1359,1150
502,2463,525,2463,525,2515,502,2515
1569,887,1613,887,1613,931,1569,931
1648,1538,1691,1538,1691,1581,1648,1581
1365,2349,1388,2349,1388,2399,1365,2399
464,1203,511,1203,511,1250,464,1250
1727,2536,1753,2536,1753,2563,1727,2563
1362,447,1389,447,1389,487,1362,487
616,1380,652,1380,652,1425,616,1425
576,2057,599,2057,599,2105,576,2105
1217,2121,1250,2121,1250,2167,1217,2167
1447,3102,1469,3102,1469,3124,1447,3124
870,2053,893,2053,893,2104,870,2104
1498,879,1542,879,1542,921,1498,921
1641,2640,1690,2640,1690,2688,1641,2688
249,2531,280,2531,280,2560,249,2560
327,1791,360,1791,360,1823,327,1823
1354,1073,1391,1073,1391,1110,1354,1110
1204,1616,1247,1616,1247,1658,1204,1658
1133,621,1167,621,1167,658,1133,658
547,1788,580,1788,580,1834,547,1834
644,2700,680,2700,680,2743,644,2743
811,2404,832,2404,832,2426,811,2426
608,1727,662,1727,662,1780,608,1780
1576,1571,1616,1571,1616,1608,1576,1608
1358,1444,1391,1444,1391,1477,1358,1477
1431,1677,1462,1677,1462,1707,1431,1707
1428,2295,1463,2295,1463,2338,1428,2338
650,2577,686,2577,686,2628,650,2628
464,452,510,452,510,493,464,493
426,2489,465,2489,465,2538,426,2538
1354,1394,1393,1394,1393,1437,1354,1437
1729,1804,1762,1804,1762,1841,1729,1841
1224,2292,1247,2292,1247,2342,1224,2342
1942,627,1977,627,1977,662,1942,662
1946,2062,1970,2062,1970,2109,1946,2109
1208,1803,1246,1803,1246,1840,1208,1840
1356,1586,1391,1586,1391,1624,1356,1624
1428,1030,1465,1030,1465,1063,1428,1063
612,1322,657,1322,657,1370,612,1370
931,3223,975,3223,975,3263,931,3263
1508,1496,1530,1496,1530,1535,1508,1535
487,2636,542,2636,542,2688,487,2688
1578,538,1603,538,1603,574,1578,574
1566,2752,1618,2752,1618,2805,1566,2805
1570,3164,1607,3164,1607,3209,1570,3209
1795,1403,1836,1403,1836,1444,1795,1444
1002,3159,1049,3159,1049,3213,1002,3213
1498,925,1542,925,1542,964,1498,964
1948,1371,1971,1371,1971,1412,1948,1412
0,2617,27,2617,27,2656,0,2656
1513,1756,1534,1756,1534,1797,1513,1797
2037,927,2088,927,2088,958,2037,958
1031,2232,1052,2232,1052,2253,1031,2253
571,49,605,49,605,77,571,77
1141,792,1165,792,1165,833,1141,833
1205,576,1250,576,1250,615,1205,615
461,1727,513,1727,513,1775,461,1775
1085,2987,1118,2987,1118,3040,1085,3040
1282,535,1321,535,1321,573,1282,573
647,1997,686,1997,686,2048,647,2048
1283,1720,1319,1720,1319,1752,1283,1752
724,3217,748,3217,748,3268,724,3268
1285,938,1311,938,1311,974,1285,974
640,2991,683,2991,683,3037,640,3037
1792,713,1833,713,1833,750,1792,750
537,854,583,854,583,907,537,907
685,976,735,976,735,1019,685,1019
1362,1630,1389,1630,1389,1662,1362,1662
1429,2702,1463,2702,1463,2744,1429,2744
1213,1446,1236,1446,1236,1479,1213,1479
624,973,647,973,647,1021,624,1021
1499,665,1536,665,1536,700,1499,700
1510,2288,1533,2288,1533,2339,1510,2339
870,2873,891,2873,891,2926,870,2926
1652,1456,1686,1456,1686,1492,1652,1492
1007,2992,1043,2992,1043,3037,1007,3037
1510,620,1531,620,1531,659,1510,659
1575,978,1609,978,1609,1015,1575,1015
1505,1714,1540,1714,1540,1751,1505,1751
1214,721,1235,721,1235,763,1214,763
1424,705,1467,705,1467,746,1424,746
1078,2288,1126,2288,1126,2335,1078,2335
337,2700,367,2700,367,2733,337,2733
1205,1218,1242,1218,1242,1253,1205,1253
1567,2813,1613,2813,1613,2867,1567,2867
461,1556,509,1556,509,1600,461,1600
561,3168,610,3168,610,3198,561,3198
1648,1410,1688,1410,1688,1452,1648,1452
255,2468,278,2468,278,2507,255,2507
1800,2751,1822,2751,1822,2802,1800,2802
941,2873,964,2873,964,2925,941,2925
1650,1757,1694,1757,1694,1799,1650,1799
719,2056,751,2056,751,2104,719,2104
1091,2520,1114,2520,1114,2573,1091,2573
332,1326,353,1326,353,1363,332,1363
927,3102,981,3102,981,3153,927,3153
1946,1884,1969,1884,1969,1935,1946,1935
1650,1245,1686,1245,1686,1273,1650,1273
1079,2461,1122,2461,1122,2510,1079,2510
1579,2704,1612,2704,1612,2739,1579,2739
1645,3116,1684,3116,1684,3135,1645,3135
648,2869,668,2869,668,2919,648,2919
1582,1234,1609,1234,1609,1254,1582,1254
1503,1413,1539,1413,1539,1449,1503,1449
1364,1243,1385,1243,1385,1281,1364,1281
1356,2586,1393,2586,1393,2630,1356,2630
1507,1676,1533,1676,1533,1702,1507,1702
1576,2302,1610,2302,1610,2333,1576,2333
637,1028,658,1028,658,1051,637,1051
1649,2703,1684,2703,1684,2738,1649,2738
445,2054,468,2054,468,2074,445,2074
1645,2879,1684,2879,1684,2910,1645,2910
1079,2877,1122,2877,1122,2920,1079,2920
0,2678,25,2678,25,2720,0,2720
738,2954,759,2954,759,2974,738,2974
1718,632,1758,632,1758,667,1718,667
1584,2067,1604,2067,1604,2102,1584,2102
1887,3217,1909,3217,1909,3239,1887,3239
343,2586,371,2586,371,2613,343,2613
1524,2522,1547,2522,1547,2544,1524,2544
1962,1945,1983,1945,1983,1966,1962,1966
445,2779,466,2779,466,2802,445,2802
1218,2061,1253,2061,1253,2107,1218,2107
198,2055,218,2055,218,2074,198,2074
1961,2754,1982,2754,1982,2775,1961,2775
887,2752,907,2752,907,2772,887,2772
492,679,511,679,511,701,492,701
1433,796,1461,796,1461,829,1433,829
738,2346,760,2346,760,2366,738,2366
421,854,441,854,441,872,421,872
641,1611,660,1611,660,1631,641,1631
957,2638,979,2638,979,2660,957,2660
-1,2504,23,2504,23,2544,-1,2544
2,2787,22,2787,22,2809,2,2809
812,2812,833,2812,833,2832,812,2832
1201,447,1249,447,1249,490,1201,490
1652,2532,1682,2532,1682,2562,1652,2562
1651,1372,1685,1372,1685,1404,1651,1404
1523,3102,1544,3102,1544,3124,1523,3124
1380,3219,1396,3219,1396,3240,1380,3240
715,1203,734,1203,734,1224,715,1224
1216,1527,1236,1527,1236,1572,1216,1572
519,2347,540,2347,540,2367,519,2367
1590,1310,1607,1310,1607,1350,1590,1350
1497,1886,1545,1886,1545,1931,1497,1931
668,3048,685,3048,685,3066,668,3066
1280,2640,1326,2640,1326,2680,1280,2680
2042,3114,2088,3114,2088,3145,2042,3145
1574,625,1609,625,1609,660,1574,660
1578,2472,1612,2472,1612,2507,1578,2507
1577,2993,1610,2993,1610,3026,1577,3026
1364,624,1381,624,1381,659,1364,659
1105,2580,1125,2580,1125,2598,1105,2598
357,1995,378,1995,378,2016,357,2016
1308,3161,1326,3161,1326,3179,1308,3179
1032,2814,1052,2814,1052,2834,1032,2834
1747,2060,1764,2060,1764,2080,1747,2080
350,623,366,623,366,644,350,644
0,2268,20,2268,20,2314,0,2314
596,2286,614,2286,614,2306,596,2306
1884,885,1904,885,1904,901,1884,901
-2,2444,21,2444,21,2487,-2,2487
1241,2350,1261,2350,1261,2373,1241,2373
0,1995,19,1995,19,2024,0,2024
1596,1617,1613,1617,1613,1633,1596,1633
1814,1536,1834,1536,1834,1552,1814,1552
495,1664,514,1664,514,1686,495,1686
-1,2573,17,2573,17,2602,-1,2602
275,2283,292,2283,292,2303,275,2303
1892,2462,1910,2462,1910,2483,1892,2483
1665,1283,1684,1283,1684,1299,1665,1299
1151,836,1168,836,1168,853,1151,853
1818,2809,1835,2809,1835,2829,1818,2829
0,3031,21,3031,21,3052,0,3052
0,3091,25,3091,25,3129,0,3129
1742,1069,1757,1069,1757,1084,1742,1084
-1,2970,17,2970,17,3012,-1,3012
1217,852,1232,852,1232,891,1217,891
1743,585,1759,585,1759,599,1743,599
