3026,1836,3137,1836,3137,1949,3026,1949
3184,1651,3245,1651,3245,1709,3184,1709
2920,1935,2993,1935,2993,2008,2920,2008
1597,257,1645,257,1645,307,1597,307
2516,1751,2561,1751,2561,1792,2516,1792
2921,1785,2986,1785,2986,1854,2921,1854
1599,322,1642,322,1642,359,1599,359
330,1285,393,1285,393,1320,330,1320
2716,2343,2759,2343,2759,2361,2716,2361
2802,1955,2885,1955,2885,2042,2802,2042
2583,1754,2663,1754,2663,1822,2583,1822
835,1337,892,1337,892,1358,835,1358
442,1514,535,1514,535,1621,442,1621
631,1279,682,1279,682,1333,631,1333
2800,1752,2887,1752,2887,1835,2800,1835
2396,1986,2459,1986,2459,2052,2396,2052
327,1121,394,1121,394,1189,327,1189
330,1199,398,1199,398,1268,330,1268
2299,1985,2366,1985,2366,2055,2299,2055
2388,978,2449,978,2449,1028,2388,1028
1015,350,1071,350,1071,397,1015,397
483,636,536,636,536,663,483,663
318,293,385,293,385,358,318,358
1370,754,1428,754,1428,801,1370,801
3185,1305,3244,1305,3244,1358,3185,1358
327,821,390,821,390,886,327,886
1456,1450,1502,1450,1502,1475,1456,1475
320,517,389,517,389,589,320,589
484,757,541,757,541,810,484,810
700,782,755,782,755,830,700,830
319,670,393,670,393,739,319,739
319,444,385,444,385,510,319,510
774,1103,828,1103,828,1153,774,1153
703,1018,753,1018,753,1067,703,1067
564,351,614,351,614,396,564,396
704,1305,758,1305,758,1355,704,1355
1974,221,2023,221,2023,277,1974,277
3178,607,3232,607,3232,661,3178,661
3179,953,3234,953,3234,1006,3179,1006
1018,581,1073,581,1073,624,1018,624
326,901,394,901,394,965,326,965
2627,220,2689,220,2689,275,2627,275
318,370,386,370,386,433,318,433
773,986,829,986,829,1035,773,1035
436,1223,538,1223,538,1333,436,1333
1078,927,1132,927,1132,978,1078,978
486,664,541,664,541,693,486,693
2634,1383,2686,1383,2686,1438,2634,1438
1079,866,1130,866,1130,919,1079,919
323,597,388,597,388,657,323,657
2450,286,2502,286,2502,332,2450,332
2458,1623,2508,1623,2508,1673,2458,1673
1026,1388,1078,1388,1078,1438,1026,1438
694,436,752,436,752,487,694,487
2307,575,2358,575,2358,625,2307,625
2307,402,2357,402,2357,449,2307,449
1459,869,1511,869,1511,920,1459,920
1077,578,1130,578,1130,629,1077,629
2518,1386,2570,1386,2570,1441,2518,1441
1142,1630,1195,1630,1195,1671,1142,1671
634,975,686,975,686,1022,634,1022
630,1223,682,1223,682,1270,630,1270
1025,1623,1081,1623,1081,1674,1025,1674
1914,346,1969,346,1969,393,1914,393
770,406,822,406,822,457,770,457
1317,1569,1368,1569,1368,1608,1317,1608
481,464,535,464,535,514,481,514
1458,1569,1511,1569,1511,1620,1458,1620
698,668,747,668,747,717,698,717
829,727,885,727,885,777,829,777
964,1101,1017,1101,1017,1152,964,1152
632,1511,688,1511,688,1563,632,1563
484,582,536,582,536,632,484,632
628,800,679,800,679,849,628,849
1249,344,1300,344,1300,397,1249,397
2305,867,2357,867,2357,913,2305,913
563,520,619,520,619,570,563,570
960,227,1011,227,1011,281,960,281
1799,457,1853,457,1853,512,1799,512
1445,285,1500,285,1500,336,1445,336
1139,1099,1192,1099,1192,1146,1139,1146
964,984,1015,984,1015,1034,964,1034
1916,396,1967,396,1967,450,1916,450
1144,1505,1194,1505,1194,1555,1144,1555
330,1048,397,1048,397,1114,330,1114
3177,723,3234,723,3234,778,3177,778
2518,748,2569,748,2569,799,2518,799
837,1543,890,1543,890,1589,837,1589
337,1348,395,1348,395,1418,337,1418
2452,1094,2504,1094,2504,1145,2452,1145
424,565,478,565,478,614,424,614
966,1159,1021,1159,1021,1211,966,1211
2399,1564,2450,1564,2450,1615,2399,1615
2389,284,2441,284,2441,334,2389,334
1863,808,1913,808,1913,859,1863,859
632,1032,682,1032,682,1084,632,1084
832,669,880,669,880,716,832,716
958,405,1010,405,1010,457,958,457
2634,748,2684,748,2684,794,2634,794
1256,1159,1306,1159,1306,1209,1256,1209
704,1189,757,1189,757,1240,704,1240
1452,578,1505,578,1505,626,1452,626
1129,226,1181,226,1181,280,1129,280
628,858,679,858,679,908,628,908
1747,695,1793,695,1793,740,1747,740
1804,1099,1859,1099,1859,1147,1804,1147
1464,1274,1513,1274,1513,1325,1464,1325
1016,289,1071,289,1071,340,1016,340
2205,1985,2272,1985,2272,2055,2205,2055
1371,1040,1422,1040,1422,1088,1371,1088
832,810,884,810,884,861,832,861
1926,1359,1975,1359,1975,1412,1926,1412
1921,748,1972,748,1972,801,1921,801
2635,1271,2685,1271,2685,1321,2635,1321
2576,1094,2630,1094,2630,1147,2576,1147
1026,1446,1079,1446,1079,1498,1026,1498
1927,1591,1975,1591,1975,1643,1927,1643
2453,1039,2503,1039,2503,1087,2453,1087
1313,1272,1366,1272,1366,1321,1313,1321
421,467,473,467,473,513,421,513
2635,691,2685,691,2685,741,2635,741
2571,278,2623,278,2623,334,2571,334
835,872,886,872,886,921,835,921
1078,695,1128,695,1128,745,1078,745
1747,1101,1800,1101,1800,1150,1747,1150
1805,866,1857,866,1857,917,1805,917
835,1217,890,1217,890,1269,835,1269
969,1274,1018,1274,1018,1326,969,1326
2635,1037,2683,1037,2683,1085,2635,1085
2525,1620,2573,1620,2573,1671,2525,1671
1457,693,1504,693,1504,742,1457,742
1251,1982,1303,1982,1303,2032,1251,2032
961,1898,1014,1898,1014,1949,961,1949
704,1074,758,1074,758,1126,704,1126
768,518,822,518,822,570,768,570
446,2042,496,2042,496,2096,446,2096
2635,1152,2686,1152,2686,1203,2635,1203
2160,810,2210,810,2210,856,2160,856
1338,1840,1386,1840,1386,1892,1338,1892
785,1895,839,1895,839,1952,785,1952
1026,1506,1077,1506,1077,1554,1026,1554
1317,1388,1366,1388,1366,1442,1317,1442
3183,1185,3243,1185,3243,1240,3183,1240
1468,1242,1514,1242,1514,1267,1468,1267
838,1276,888,1276,888,1322,838,1322
2454,748,2502,748,2502,798,2454,798
703,727,752,727,752,774,703,774
1977,546,2028,546,2028,598,1977,598
2514,516,2566,516,2566,568,2514,568
484,523,537,523,537,575,484,575
2046,1536,2102,1536,2102,1587,2046,1587
2306,342,2357,342,2357,394,2306,394
963,924,1017,924,1017,978,963,978
1742,283,1789,283,1789,335,1742,335
1368,461,1418,461,1418,513,1368,513
1810,1450,1860,1450,1860,1501,1810,1501
2635,1210,2686,1210,2686,1263,2635,1263
2634,979,2686,979,2686,1029,2634,1029
424,659,479,659,479,712,424,712
444,1987,494,1987,494,2032,444,2032
2157,866,2214,866,2214,918,2157,918
2631,279,2680,279,2680,336,2631,336
1027,1157,1076,1157,1076,1206,1027,1206
2221,1444,2277,1444,2277,1502,2221,1502
772,637,825,637,825,686,772,686
1652,226,1707,226,1707,278,1652,278
2391,341,2439,341,2439,391,2391,391
1982,1011,2030,1011,2030,1061,1982,1061
1978,493,2028,493,2028,539,1978,539
1316,1157,1365,1157,1365,1210,1316,1210
703,837,754,837,754,893,703,893
1804,982,1857,982,1857,1022,1804,1022
3191,1421,3234,1421,3234,1473,3191,1473
631,1355,685,1355,685,1370,631,1370
704,1420,759,1420,759,1472,704,1472
698,611,746,611,746,653,698,653
1983,786,2031,786,2031,831,1983,831
705,1250,760,1250,760,1295,705,1295
1248,285,1301,285,1301,338,1248,338
901,346,950,346,950,398,901,398
2452,806,2502,806,2502,857,2452,857
1810,1037,1856,1037,1856,1087,1810,1087
1279,1841,1326,1841,1326,1890,1279,1890
1654,285,1705,285,1705,341,1654,341
1253,576,1303,576,1303,626,1253,626
838,1480,889,1480,889,1534,838,1534
1599,2036,1651,2036,1651,2092,1599,2092
1256,1215,1305,1215,1305,1267,1256,1267
2395,1159,2441,1159,2441,1200,2395,1200
1257,1274,1308,1274,1308,1323,1257,1323
1142,1567,1193,1567,1193,1616,1142,1616
1784,2286,1830,2286,1830,2332,1784,2332
1195,692,1248,692,1248,745,1195,745
565,463,615,463,615,515,565,515
564,405,613,405,613,457,564,457
770,459,820,459,820,510,770,510
2302,746,2357,746,2357,801,2302,801
1190,421,1243,421,1243,443,1190,443
2459,1276,2502,1276,2502,1320,2459,1320
489,697,536,697,536,749,489,749
2456,1215,2505,1215,2505,1260,2456,1260
840,1599,891,1599,891,1644,840,1644
2516,401,2566,401,2566,450,2516,450
1027,1047,1070,1047,1070,1087,1027,1087
776,927,828,927,828,977,776,977
1859,516,1912,516,1912,568,1859,568
835,929,885,929,885,976,835,976
2308,1039,2358,1039,2358,1088,2308,1088
2210,1906,2255,1906,2255,1945,2210,1945
831,548,878,548,878,599,831,599
1373,1217,1423,1217,1423,1262,1373,1262
968,1045,1017,1045,1017,1091,968,1091
2304,635,2355,635,2355,683,2304,683
775,871,825,871,825,922,775,922
2049,1096,2097,1096,2097,1146,2049,1146
2309,1272,2357,1272,2357,1321,2309,1321
1545,1100,1595,1100,1595,1149,1545,1149
1194,1987,1242,1987,1242,2033,1194,2033
1751,1272,1799,1272,1799,1322,1751,1322
1027,814,1071,814,1071,859,1027,859
2060,1895,2115,1895,2115,1953,2060,1953
915,2293,963,2293,963,2339,915,2339
336,975,382,975,382,1038,336,1038
628,626,675,626,675,671,628,671
778,1043,826,1043,826,1091,778,1091
1547,1272,1598,1272,1598,1322,1547,1322
328,746,387,746,387,813,328,813
628,492,673,492,673,542,628,542
696,498,749,498,749,543,696,543
1085,1046,1127,1046,1127,1084,1085,1084
1250,635,1304,635,1304,688,1250,688
2578,1506,2628,1506,2628,1555,2578,1555
2575,1210,2626,1210,2626,1264,2575,1264
2456,1446,2505,1446,2505,1496,2456,1496
1023,404,1069,404,1069,453,1023,453
968,1517,1018,1517,1018,1560,968,1560
1600,547,1650,547,1650,570,1600,570
1606,1331,1652,1331,1652,1383,1606,1383
2523,1450,2572,1450,2572,1498,2523,1498
2163,924,2212,924,2212,972,2163,972
2642,1503,2691,1503,2691,1554,2642,1554
1142,1218,1190,1218,1190,1263,1142,1263
2521,1562,2574,1562,2574,1613,2521,1613
1086,1629,1135,1629,1135,1669,1086,1669
1318,1506,1368,1506,1368,1556,1318,1556
2634,574,2681,574,2681,623,2634,623
2305,459,2352,459,2352,510,2305,510
1663,1035,1712,1035,1712,1082,1663,1082
1457,517,1505,517,1505,571,1457,571
1797,286,1849,286,1849,336,1797,336
2398,1213,2449,1213,2449,1264,2398,1264
2455,697,2500,697,2500,735,2455,735
2598,2286,2644,2286,2644,2333,2598,2333
2643,1560,2690,1560,2690,1611,2643,1611
2521,1043,2564,1043,2564,1083,2521,1083
2227,532,2264,532,2264,559,2227,559
2574,808,2625,808,2625,858,2574,858
2393,1094,2445,1094,2445,1147,2393,1147
2455,1159,2497,1159,2497,1197,2455,1197
637,1630,684,1630,684,1680,637,1680
2641,460,2683,460,2683,505,2641,505
2045,637,2090,637,2090,681,2045,681
1377,1624,1423,1624,1423,1670,1377,1670
2314,1524,2351,1524,2351,1540,2314,1540
2049,1329,2099,1329,2099,1384,2049,1384
2039,403,2086,403,2086,450,2039,450
1976,605,2027,605,2027,656,1976,656
1663,1148,1712,1148,1712,1195,1663,1195
2305,688,2355,688,2355,738,2305,738
2105,936,2153,936,2153,987,2105,987
1748,1158,1803,1158,1803,1205,1748,1205
1317,1338,1359,1338,1359,1375,1317,1375
772,576,820,576,820,630,772,630
1192,639,1241,639,1241,687,1192,687
2392,232,2435,232,2435,271,2392,271
3180,837,3233,837,3233,891,3180,891
2580,1154,2627,1154,2627,1205,2580,1205
1971,283,2029,283,2029,335,1971,335
2168,1626,2213,1626,2213,1672,2168,1672
830,785,884,785,884,803,830,803
1981,898,2032,898,2032,949,1981,949
1982,839,2033,839,2033,889,1982,889
1023,749,1070,749,1070,801,1023,801
1858,281,1909,281,1909,336,1858,336
1030,1099,1075,1099,1075,1148,1030,1148
777,1217,828,1217,828,1270,777,1270
1020,635,1071,635,1071,686,1020,686
1978,431,2027,431,2027,483,1978,483
2582,983,2627,983,2627,1028,2582,1028
1090,1393,1133,1393,1133,1441,1090,1441
2581,866,2626,866,2626,913,2581,913
2633,342,2678,342,2678,389,2633,389
1554,1569,1597,1569,1597,1615,1554,1615
334,2288,379,2288,379,2333,334,2333
2051,1595,2098,1595,2098,1644,2051,1644
2222,1622,2275,1622,2275,1672,2222,1672
781,1166,824,1166,824,1205,781,1205
1086,1098,1130,1098,1130,1149,1086,1149
1546,869,1597,869,1597,919,1546,919
1190,577,1246,577,1246,631,1190,631
622,377,676,377,676,426,622,426
1363,228,1413,228,1413,280,1363,280
769,350,816,350,816,398,769,398
1866,1152,1917,1152,1917,1208,1866,1208
2519,980,2572,980,2572,1028,2519,1028
556,1986,606,1986,606,2037,556,2037
509,2290,556,2290,556,2335,509,2335
1448,228,1503,228,1503,280,1448,280
671,1902,721,1902,721,1946,671,1946
1027,981,1074,981,1074,1033,1027,1033
674,1985,722,1985,722,2036,674,2036
1548,927,1598,927,1598,976,1548,976
2282,1901,2330,1901,2330,1948,2282,1948
1263,1453,1304,1453,1304,1499,1263,1499
2352,1899,2404,1899,2404,1954,2352,1954
1370,693,1420,693,1420,742,1370,742
2397,404,2440,404,2440,449,2397,449
1924,1535,1974,1535,1974,1590,1924,1590
1599,371,1645,371,1645,421,1599,421
2454,921,2502,921,2502,972,2454,972
963,2043,1013,2043,1013,2094,963,2094
1259,1042,1307,1042,1307,1092,1259,1092
2392,459,2442,459,2442,506,2392,506
1020,1895,1071,1895,1071,1948,1020,1948
2542,2285,2588,2285,2588,2333,2542,2333
1375,1332,1424,1332,1424,1381,1375,1381
681,2292,726,2292,726,2337,681,2337
2396,696,2439,696,2439,735,2396,735
966,1452,1015,1452,1015,1501,966,1501
1657,1981,1708,1981,1708,2032,1657,2032
1085,1217,1129,1217,1129,1265,1085,1265
968,1340,1016,1340,1016,1379,968,1379
1315,1040,1362,1040,1362,1086,1315,1086
1030,1275,1072,1275,1072,1321,1030,1321
2512,692,2565,692,2565,740,2512,740
2520,924,2567,924,2567,972,2520,972
2637,399,2682,399,2682,448,2637,448
2102,648,2152,648,2152,699,2102,699
1744,401,1795,401,1795,452,1744,452
963,867,1017,867,1017,921,963,921
3007,2287,3053,2287,3053,2332,3007,2332
1660,657,1710,657,1710,709,1660,709
958,290,1007,290,1007,333,958,333
2098,457,2151,457,2151,507,2098,507
1864,754,1913,754,1913,799,1864,799
836,1424,888,1424,888,1474,836,1474
703,896,758,896,758,949,703,949
1924,1242,1978,1242,1978,1293,1924,1293
1370,2042,1419,2042,1419,2095,1370,2095
2574,229,2617,229,2617,273,2574,273
388,2044,439,2044,439,2099,388,2099
1280,1782,1324,1782,1324,1829,1280,1829
2579,1276,2623,1276,2623,1314,2579,1314
1802,345,1852,345,1852,389,1802,389
1604,1154,1653,1154,1653,1207,1604,1207
1543,2039,1589,2039,1589,2090,1543,2090
2452,231,2494,231,2494,271,2452,271
2108,1257,2152,1257,2152,1303,2108,1303
2043,925,2100,925,2100,974,2043,974
1256,984,1306,984,1306,1038,1256,1038
2453,862,2504,862,2504,917,2453,917
2226,1507,2270,1507,2270,1556,2226,1556
2042,460,2092,460,2092,509,2042,509
702,553,748,553,748,600,702,600
1315,1217,1366,1217,1366,1266,1315,1266
1665,903,1712,903,1712,954,1665,954
1863,461,1909,461,1909,511,1863,511
1747,574,1796,574,1796,624,1747,624
1261,1099,1309,1099,1309,1151,1261,1151
2516,343,2568,343,2568,392,2516,392
1310,633,1362,633,1362,682,1310,682
2658,2288,2703,2288,2703,2334,2658,2334
776,812,824,812,824,862,776,862
450,2291,495,2291,495,2335,450,2335
638,1573,685,1573,685,1620,638,1620
1314,985,1365,985,1365,1036,1314,1036
2575,455,2623,455,2623,508,2575,508
1663,1392,1711,1392,1711,1444,1663,1444
1308,693,1364,693,1364,745,1308,745
1201,1622,1254,1622,1254,1677,1201,1677
2519,872,2563,872,2563,910,2519,910
2224,1270,2270,1270,2270,1322,2224,1322
1466,1516,1509,1516,1509,1556,1466,1556
827,432,883,432,883,486,827,486
2225,931,2266,931,2266,974,2225,974
1806,575,1853,575,1853,622,1806,622
1600,637,1644,637,1644,685,1600,685
728,1987,782,1987,782,2034,728,2034
2313,1329,2360,1329,2360,1379,2313,1379
2398,1273,2443,1273,2443,1320,2398,1320
1747,869,1798,869,1798,918,1747,918
2578,519,2623,519,2623,563,2578,563
2522,1331,2568,1331,2568,1370,2522,1370
1658,477,1707,477,1707,522,1658,522
1548,350,1584,350,1584,393,1548,393
1314,1096,1365,1096,1365,1151,1314,1151
1868,1273,1917,1273,1917,1324,1868,1324
2227,1038,2273,1038,2273,1088,2227,1088
1376,1279,1419,1279,1419,1317,1376,1317
393,2288,437,2288,437,2333,393,2333
1374,1100,1420,1100,1420,1151,1374,1151
1310,404,1360,404,1360,452,1310,452
1190,346,1241,346,1241,396,1190,396
2161,981,2211,981,2211,1031,2161,1031
2835,2285,2879,2285,2879,2333,2835,2333
1252,409,1297,409,1297,450,1252,450
1076,297,1127,297,1127,331,1076,331
2109,1067,2153,1067,2153,1118,2109,1118
1079,464,1127,464,1127,512,1079,512
2397,813,2442,813,2442,856,2397,856
2048,1153,2099,1153,2099,1207,2048,1207
2891,2285,2936,2285,2936,2333,2891,2333
2484,2286,2529,2286,2529,2334,2484,2334
625,436,672,436,672,484,625,484
1924,1300,1977,1300,1977,1353,1924,1353
1919,231,1962,231,1962,277,1919,277
1253,522,1300,522,1300,569,1253,569
630,680,676,680,676,731,630,731
2109,1512,2153,1512,2153,1552,2109,1552
2166,1331,2212,1331,2212,1376,2166,1376
1198,927,1249,927,1249,975,1198,975
1808,1274,1859,1274,1859,1322,1808,1322
1800,225,1846,225,1846,276,1800,276
1811,1158,1856,1158,1856,1205,1811,1205
731,1900,779,1900,779,1948,731,1948
1740,345,1796,345,1796,388,1740,388
1139,517,1182,517,1182,570,1139,570
1021,518,1066,518,1066,568,1021,568
1373,1159,1422,1159,1422,1208,1373,1208
1437,2291,1483,2291,1483,2336,1437,2336
2696,1752,2775,1752,2775,1837,2696,1837
1196,807,1250,807,1250,861,1196,861
1543,985,1597,985,1597,1031,1543,1031
1090,2291,1135,2291,1135,2334,1090,2334
1547,1626,1598,1626,1598,1670,1547,1670
1960,2288,2003,2288,2003,2334,1960,2334
1375,1509,1426,1509,1426,1559,1375,1559
1191,229,1237,229,1237,278,1191,278
1984,724,2026,724,2026,768,1984,768
732,2044,790,2044,790,2098,732,2098
2219,1562,2274,1562,2274,1616,2219,1616
1498,2288,1542,2288,1542,2333,1498,2333
429,758,475,758,475,811,429,811
1311,867,1363,867,1363,919,1311,919
1458,926,1511,926,1511,975,1458,975
1809,926,1850,926,1850,970,1809,970
2452,573,2497,573,2497,623,2452,623
1082,640,1125,640,1125,686,1082,686
2616,1959,2668,1959,2668,2040,2616,2040
2638,1326,2682,1326,2682,1368,2638,1368
632,913,681,913,681,965,632,965
636,1147,674,1147,674,1200,636,1200
332,2051,382,2051,382,2098,332,2098
2454,983,2498,983,2498,1022,2454,1022
1749,634,1794,634,1794,682,1749,682
2107,1445,2156,1445,2156,1504,2107,1504
2161,522,2209,522,2209,570,2161,570
1860,340,1907,340,1907,390,1860,390
2573,342,2617,342,2617,392,2573,392
1255,1906,1294,1906,1294,1937,1255,1937
567,2289,612,2289,612,2335,567,2335
2051,1480,2095,1480,2095,1527,2051,1527
1035,1334,1075,1334,1075,1379,1035,1379
3184,1535,3234,1535,3234,1588,3184,1588
1664,2049,1702,2049,1702,2079,1664,2079
1604,867,1654,867,1654,918,1604,918
1079,521,1127,521,1127,571,1079,571
1370,520,1414,520,1414,569,1370,569
2223,1328,2270,1328,2270,1380,2223,1380
1377,988,1421,988,1421,1034,1377,1034
2158,458,2208,458,2208,506,2158,506
387,1989,435,1989,435,2037,387,2037
1605,811,1648,811,1648,855,1605,855
1137,697,1183,697,1183,743,1137,743
2158,225,2206,225,2206,276,2158,276
561,2045,609,2045,609,2089,561,2089
1999,1305,2028,1305,2028,1355,1999,1355
1142,982,1190,982,1190,1030,1142,1030
1985,1186,2034,1186,2034,1233,1985,1233
1325,2290,1369,2290,1369,2335,1325,2335
2308,979,2360,979,2360,1030,2308,1030
2154,285,2207,285,2207,334,2154,334
2716,1960,2775,1960,2775,2040,2716,2040
1663,726,1711,726,1711,760,1663,760
1075,1994,1126,1994,1126,2036,1075,2036
2164,1508,2212,1508,2212,1555,2164,1555
2454,347,2495,347,2495,390,2454,390
1089,1337,1131,1337,1131,1383,1089,1383
1982,960,2025,960,2025,996,1982,996
2586,1562,2628,1562,2628,1613,2586,1613
1260,1333,1306,1333,1306,1384,1260,1384
2639,1100,2680,1100,2680,1140,2639,1140
855,2289,902,2289,902,2335,855,2335
2311,930,2353,930,2353,967,2311,967
2715,2287,2761,2287,2761,2333,2715,2333
2220,577,2267,577,2267,624,2220,624
1141,750,1186,750,1186,804,1141,804
2166,1098,2213,1098,2213,1146,2166,1146
2394,513,2439,513,2439,565,2394,565
2461,1562,2503,1562,2503,1613,2461,1613
2525,1511,2567,1511,2567,1547,2525,1547
2524,1096,2567,1096,2567,1142,2524,1142
1740,517,1796,517,1796,566,1740,566
2579,692,2624,692,2624,740,2579,740
1870,927,1911,927,1911,973,1870,973
2105,1196,2156,1196,2156,1252,2105,1252
1316,1626,1362,1626,1362,1673,1316,1673
963,580,1007,580,1007,628,963,628
1667,590,1704,590,1704,640,1667,640
2045,522,2087,522,2087,560,2045,560
1025,698,1067,698,1067,742,1025,742
963,635,1007,635,1007,686,963,686
2099,518,2151,518,2151,570,2099,570
1199,867,1247,867,1247,918,1199,918
1205,1333,1243,1333,1243,1383,1205,1383
965,697,1009,697,1009,744,965,744
1261,931,1301,931,1301,974,1261,974
2524,1157,2566,1157,2566,1202,2524,1202
2309,1388,2358,1388,2358,1434,2309,1434
1027,1218,1074,1218,1074,1266,1027,1266
2519,1795,2559,1795,2559,1836,2519,1836
2166,1154,2214,1154,2214,1204,2166,1204
1465,1104,1508,1104,1508,1150,1465,1150
1488,2050,1527,2050,1527,2081,1488,2081
3066,2287,3111,2287,3111,2334,3066,2334
631,568,670,568,670,616,631,616
679,2049,725,2049,725,2092,679,2092
910,228,946,228,946,279,910,279
1376,929,1420,929,1420,976,1376,976
1553,1340,1595,1340,1595,1377,1553,1377
1458,641,1503,641,1503,682,1458,682
740,2291,785,2291,785,2336,740,2336
1257,695,1298,695,1298,742,1257,742
1148,1450,1188,1450,1188,1493,1148,1493
1311,460,1353,460,1353,512,1311,512
2398,752,2439,752,2439,798,2398,798
640,1454,678,1454,678,1506,640,1506
1141,929,1186,929,1186,976,1141,976
2105,821,2151,821,2151,871,2105,871
1311,286,1353,286,1353,336,1311,336
2022,2287,2065,2287,2065,2333,2022,2333
2046,1273,2098,1273,2098,1326,2046,1326
1668,1209,1710,1209,1710,1256,1668,1256
1812,1333,1856,1333,1856,1378,1812,1378
2308,2286,2352,2286,2352,2332,2308,2332
2166,1566,2214,1566,2214,1617,2166,1617
1921,288,1963,288,1963,335,1921,335
1206,1221,1244,1221,1244,1268,1206,1268
2045,750,2095,750,2095,798,2045,798
2637,808,2679,808,2679,855,2637,855
1135,2040,1186,2040,1186,2092,1135,2092
1663,842,1713,842,1713,895,1663,895
1264,2290,1310,2290,1310,2334,1264,2334
2053,1418,2097,1418,2097,1468,2053,1468
2164,1037,2214,1037,2214,1088,2164,1088
778,700,821,700,821,745,778,745
1033,2290,1079,2290,1079,2334,1033,2334
1754,1388,1799,1388,1799,1437,1754,1437
1378,2289,1424,2289,1424,2333,1378,2333
2641,513,2679,513,2679,565,2641,565
1610,1446,1652,1446,1652,1494,1610,1494
1665,1092,1714,1092,1714,1138,1665,1138
1665,1516,1708,1516,1708,1556,1665,1556
1136,347,1180,347,1180,393,1136,393
2307,289,2348,289,2348,333,2307,333
843,1172,881,1172,881,1203,843,1203
2226,811,2271,811,2271,855,2226,855
1901,2290,1946,2290,1946,2335,1901,2335
1373,811,1417,811,1417,859,1373,859
798,2291,844,2291,844,2336,798,2336
1327,1450,1362,1450,1362,1500,1327,1500
1132,408,1178,408,1178,453,1132,453
1088,1573,1134,1573,1134,1617,1088,1617
1025,2046,1076,2046,1076,2095,1025,2095
1465,1160,1507,1160,1507,1208,1465,1208
1667,1330,1709,1330,1709,1368,1667,1368
1610,984,1651,984,1651,1029,1610,1029
2111,575,2148,575,2148,625,2111,625
832,610,877,610,877,659,832,659
1813,1513,1854,1513,1854,1555,1813,1555
2648,1620,2681,1620,2681,1669,2648,1669
2220,640,2263,640,2263,678,2220,678
1929,1154,1973,1154,1973,1209,1929,1209
2398,1446,2438,1446,2438,1497,2398,1497
836,1367,888,1367,888,1414,836,1414
1200,985,1246,985,1246,1031,1200,1031
2519,806,2563,806,2563,855,2519,855
1613,2288,1657,2288,1657,2333,1613,2333
963,350,998,350,998,398,963,398
2951,2285,2995,2285,2995,2333,2951,2333
1870,1391,1914,1391,1914,1438,1870,1438
1986,1534,2031,1534,2031,1586,1986,1586
2107,1388,2157,1388,2157,1436,2107,1436
1926,866,1973,866,1973,916,1926,916
1549,812,1590,812,1590,857,1549,857
1658,413,1706,413,1706,461,1658,461
2406,1621,2444,1621,2444,1669,2406,1669
1922,1039,1972,1039,1972,1089,1922,1089
2103,282,2150,282,2150,332,2103,332
2226,416,2263,416,2263,442,2226,442
1749,749,1795,749,1795,802,1749,802
1986,1485,2029,1485,2029,1527,1986,1527
2517,2002,2559,2002,2559,2043,2517,2043
1028,931,1067,931,1067,978,1028,978
2025,1986,2081,1986,2081,2057,2025,2057
1263,1509,1307,1509,1307,1555,1263,1555
1926,926,1974,926,1974,974,1926,974
1977,339,2027,339,2027,394,1977,394
1152,1391,1189,1391,1189,1440,1152,1440
2399,928,2441,928,2441,970,2399,970
1660,532,1706,532,1706,578,1660,578
2578,574,2620,574,2620,621,2578,621
1546,697,1591,697,1591,743,1546,743
2315,1100,2349,1100,2349,1145,2315,1145
1861,864,1915,864,1915,916,1861,916
975,1217,1014,1217,1014,1267,975,1267
1752,1507,1796,1507,1796,1554,1752,1554
2453,629,2501,629,2501,683,2453,683
2580,754,2620,754,2620,791,2580,791
1082,2051,1124,2051,1124,2086,1082,2086
1984,1420,2034,1420,2034,1474,1984,1474
1143,1043,1190,1043,1190,1089,1143,1089
2051,978,2096,978,2096,1029,2051,1029
1667,1266,1714,1266,1714,1314,1667,1314
1317,582,1361,582,1361,624,1317,624
2400,874,2439,874,2439,918,2400,918
1661,775,1712,775,1712,828,1661,828
1194,517,1244,517,1244,572,1194,572
1609,1044,1652,1044,1652,1084,1609,1084
2096,225,2148,225,2148,279,2096,279
1428,1983,1473,1983,1473,2034,1428,2034
1198,1274,1248,1274,1248,1325,1198,1325
1818,1627,1852,1627,1852,1672,1818,1672
1547,228,1576,228,1576,282,1547,282
1986,1592,2034,1592,2034,1646,1986,1646
1078,1899,1124,1899,1124,1948,1078,1948
847,1983,897,1983,897,2037,847,2037
1379,1396,1425,1396,1425,1438,1379,1438
829,376,876,376,876,427,829,427
1463,1335,1507,1335,1507,1384,1463,1384
2401,1393,2436,1393,2436,1437,2401,1437
1608,1623,1658,1623,1658,1674,1608,1674
628,741,679,741,679,789,628,789
2163,634,2208,634,2208,682,2163,682
1368,1993,1417,1993,1417,2033,1368,2033
2312,1449,2360,1449,2360,1498,2312,1498
1877,1332,1912,1332,1912,1380,1877,1380
2136,1898,2185,1898,2185,1952,2136,1952
1456,407,1497,407,1497,453,1456,453
2252,2286,2296,2286,2296,2332,2252,2332
2579,929,2622,929,2622,969,2579,969
832,487,879,487,879,538,832,538
1548,466,1582,466,1582,510,1548,510
1928,1479,1975,1479,1975,1528,1928,1528
1813,517,1850,517,1850,567,1813,567
777,759,818,759,818,805,777,805
1990,1129,2029,1129,2029,1177,1990,1177
2221,1158,2276,1158,2276,1203,2221,1203
1080,751,1127,751,1127,803,1080,803
2168,1275,2211,1275,2211,1322,2168,1322
711,1370,755,1370,755,1410,711,1410
1924,694,1969,694,1969,740,1924,740
1145,1161,1188,1161,1188,1201,1145,1201
1728,2288,1772,2288,1772,2333,1728,2333
2045,225,2084,225,2084,264,2045,264
2323,1157,2358,1157,2358,1205,2323,1205
2463,1510,2501,1510,2501,1556,2463,1556
1609,761,1646,761,1646,806,1609,806
2591,1621,2627,1621,2627,1670,2591,1670
1203,1096,1248,1096,1248,1146,1203,1146
964,460,1006,460,1006,510,964,510
1461,986,1504,986,1504,1033,1461,1033
905,406,948,406,948,454,905,454
2584,1453,2620,1453,2620,1495,2584,1495
1087,814,1121,814,1121,861,1087,861
1316,232,1352,232,1352,281,1316,281
1139,815,1188,815,1188,863,1139,863
1372,286,1405,286,1405,333,1372,333
2111,1574,2156,1574,2156,1615,2111,1615
1543,576,1588,576,1588,630,1543,630
1264,2054,1293,2054,1293,2082,1264,2082
1556,2288,1601,2288,1601,2334,1556,2334
1608,928,1652,928,1652,975,1608,975
1138,295,1172,295,1172,337,1138,337
1817,1570,1849,1570,1849,1615,1817,1615
1923,1095,1974,1095,1974,1148,1923,1148
1255,234,1291,234,1291,279,1255,279
1874,1571,1907,1571,1907,1616,1874,1616
1664,967,1706,967,1706,1005,1664,1005
1381,1573,1424,1573,1424,1612,1381,1612
1315,522,1347,522,1347,565,1315,565
624,2290,668,2290,668,2336,624,2336
1376,871,1410,871,1410,914,1376,914
2110,1987,2178,1987,2178,2058,2110,2058
2365,2285,2410,2285,2410,2333,2365,2333
1759,929,1795,929,1795,977,1759,977
976,1570,1010,1570,1010,1618,976,1618
964,523,1000,523,1000,567,964,567
2225,1214,2276,1214,2276,1262,2225,1262
2303,225,2353,225,2353,278,2303,278
2040,341,2091,341,2091,391,2040,391
1019,463,1067,463,1067,513,1019,513
2222,1390,2271,1390,2271,1437,2222,1437
2175,1216,2213,1216,2213,1262,2175,1262
2223,1097,2270,1097,2270,1145,2223,1145
2225,749,2268,749,2268,801,2225,801
1095,1450,1125,1450,1125,1503,1095,1503
792,2041,843,2041,843,2096,792,2096
1811,696,1844,696,1844,737,1811,737
1551,1986,1582,1986,1582,2027,1551,2027
2399,578,2432,578,2432,622,2399,622
1989,1248,2021,1248,2021,1294,1989,1294
2642,1454,2681,1454,2681,1497,2642,1497
1022,1987,1069,1987,1069,2037,1022,2037
1560,1447,1596,1447,1596,1498,1560,1498
2425,2286,2471,2286,2471,2332,2425,2332
2585,1390,2619,1390,2619,1436,2585,1436
2308,519,2354,519,2354,566,2308,566
2045,812,2096,812,2096,860,2045,860
2224,979,2266,979,2266,1028,2224,1028
2116,1626,2148,1626,2148,1671,2116,1671
1204,2289,1249,2289,1249,2334,1204,2334
1922,578,1963,578,1963,622,1922,622
2578,1328,2629,1328,2629,1375,2578,1375
1615,695,1651,695,1651,744,1615,744
913,1993,943,1993,943,2029,913,2029
1083,233,1117,233,1117,278,1083,278
1754,1219,1797,1219,1797,1258,1754,1258
974,2289,1019,2289,1019,2335,974,2335
1130,1893,1186,1893,1186,1947,1130,1947
2164,577,2206,577,2206,623,2164,623
1544,404,1585,404,1585,450,1544,450
1606,1100,1653,1100,1653,1144,1606,1144
2527,285,2555,285,2555,334,2527,334
1451,460,1504,460,1504,511,1451,511
3182,1068,3239,1068,3239,1125,3182,1125
1871,1633,1917,1633,1917,1666,1871,1666
621,308,675,308,675,325,621,325
630,1109,683,1109,683,1125,630,1125
1654,373,1707,373,1707,390,1654,390
1548,1045,1591,1045,1591,1084,1548,1084
1148,1334,1181,1334,1181,1380,1148,1380
1376,405,1406,405,1406,452,1376,452
1094,1159,1130,1159,1130,1209,1094,1209
2111,1320,2153,1320,2153,1362,2111,1362
1436,2049,1470,2049,1470,2084,1436,2084
1196,462,1236,462,1236,509,1196,509
1755,1040,1789,1040,1789,1086,1755,1086
1092,1279,1124,1279,1124,1321,1092,1321
1555,1393,1588,1393,1588,1437,1555,1437
976,1630,1010,1630,1010,1676,976,1676
1608,492,1644,492,1644,537,1608,537
1141,877,1185,877,1185,914,1141,914
2112,1126,2148,1126,2148,1171,2112,1171
1612,1221,1647,1221,1647,1264,1612,1264
1548,286,1582,286,1582,335,1548,335
1386,1452,1413,1452,1413,1499,1386,1499
1820,1391,1857,1391,1857,1442,1820,1442
1813,752,1846,752,1846,799,1813,799
2642,636,2676,636,2676,678,2642,678
1466,1627,1508,1627,1508,1674,1466,1674
2775,2290,2820,2290,2820,2334,2775,2334
1870,1219,1911,1219,1911,1264,1870,1264
1146,1272,1191,1272,1191,1323,1146,1323
1087,989,1122,989,1122,1034,1087,1034
2166,696,2199,696,2199,737,2166,737
2052,698,2085,698,2085,739,2052,739
790,1991,839,1991,839,2032,790,2032
2585,637,2615,637,2615,683,2585,683
1096,1511,1130,1511,1130,1561,1096,1561
1468,1048,1501,1048,1501,1090,1468,1090
1208,1393,1240,1393,1240,1438,1208,1438
1873,1455,1913,1455,1913,1494,1873,1494
1986,1072,2031,1072,2031,1119,1986,1119
2405,635,2433,635,2433,681,2405,681
1200,285,1238,285,1238,340,1200,340
511,2052,543,2052,543,2084,511,2084
643,1402,675,1402,675,1443,643,1443
2451,515,2501,515,2501,566,2451,566
2412,1329,2444,1329,2444,1380,2412,1380
1324,927,1360,927,1360,976,1324,976
2160,407,2204,407,2204,446,2160,446
2159,344,2206,344,2206,391,2159,391
1667,1451,1711,1451,1711,1502,1667,1502
2114,998,2146,998,2146,1046,2114,1046
1038,1566,1075,1566,1075,1614,1038,1614
1473,1399,1501,1399,1501,1444,1473,1444
2222,468,2258,468,2258,501,2222,501
1755,983,1794,983,1794,1031,1755,1031
1753,1330,1800,1330,1800,1378,1753,1378
2526,459,2563,459,2563,507,2526,507
709,1134,758,1134,758,1181,709,1181
2319,1581,2355,1581,2355,1607,2319,1607
2160,747,2213,747,2213,800,2160,800
1812,812,1844,812,1844,857,1812,857
978,1396,1015,1396,1015,1444,978,1444
1205,1046,1236,1046,1236,1091,1205,1091
1134,639,1182,639,1182,683,1134,683
1320,2054,1354,2054,1354,2083,1320,2083
1557,1506,1590,1506,1590,1547,1557,1547
2532,1211,2567,1211,2567,1262,2532,1262
845,995,875,995,875,1033,845,1033
593,576,620,576,620,605,593,605
2179,1391,2210,1391,2210,1441,2179,1441
1670,2289,1715,2289,1715,2335,1670,2335
1606,1503,1655,1503,1655,1554,1606,1554
2076,2287,2121,2287,2121,2332,2076,2332
2215,695,2265,695,2265,741,2215,741
1262,871,1295,871,1295,914,1262,914
2470,1328,2503,1328,2503,1379,2470,1379
2463,400,2497,400,2497,451,2463,451
1146,2289,1194,2289,1194,2335,1146,2335
1267,1569,1301,1569,1301,1612,1267,1612
2310,808,2353,808,2353,856,2310,856
1606,577,1646,577,1646,624,1606,624
1317,815,1359,815,1359,850,1317,850
1491,1987,1523,1987,1523,2022,1491,2022
696,372,745,372,745,427,696,427
1665,1567,1715,1567,1715,1617,1665,1617
2232,865,2268,865,2268,918,2232,918
2532,579,2564,579,2564,625,2532,625
1041,226,1071,226,1071,255,1041,255
1844,2288,1888,2288,1888,2332,1844,2332
336,1994,366,1994,366,2033,336,2033
1871,1046,1907,1046,1907,1090,1871,1090
1805,635,1850,635,1850,683,1805,683
1543,522,1586,522,1586,567,1543,567
2522,228,2563,228,2563,275,2522,275
2521,1963,2553,1963,2553,1997,2521,1997
856,2059,887,2059,887,2079,856,2079
1382,580,1402,580,1402,629,1382,629
2066,282,2093,282,2093,309,2066,309
1604,434,1636,434,1636,481,1604,481
917,2054,942,2054,942,2085,917,2085
2650,863,2672,863,2672,915,2650,915
1194,1908,1241,1908,1241,1948,1194,1948
2102,879,2148,879,2148,925,2102,925
1379,343,1401,343,1401,395,1379,395
1865,573,1909,573,1909,627,1865,627
858,346,879,346,879,365,858,365
1213,1159,1247,1159,1247,1210,1213,1210
1994,1903,2043,1903,2043,1948,1994,1948
1087,349,1109,349,1109,399,1087,399
2132,2287,2178,2287,2178,2333,2132,2333
1880,982,1902,982,1902,1031,1880,1031
2045,573,2093,573,2093,620,2045,620
2014,1655,2034,1655,2034,1674,2014,1674
1919,519,1969,519,1969,571,1919,571
1196,2047,1240,2047,1240,2093,1196,2093
1488,811,1507,811,1507,829,1488,829
1261,1397,1299,1397,1299,1439,1261,1439
1609,1991,1641,1991,1641,2021,1609,2021
825,309,879,309,879,326,825,326
1144,463,1177,463,1177,512,1144,512
1204,1459,1249,1459,1249,1488,1204,1488
1313,756,1361,756,1361,804,1313,804
2190,2290,2237,2290,2237,2334,2190,2334
1767,1562,1789,1562,1789,1613,1767,1613
1145,578,1177,578,1177,629,1145,629
1623,1389,1642,1389,1642,1438,1623,1438
904,1895,956,1895,956,1948,904,1948
1467,343,1488,343,1488,394,1467,394
2118,706,2139,706,2139,756,2118,756
1875,1511,1905,1511,1905,1555,1875,1555
1856,224,1906,224,1906,276,1856,276
1331,342,1356,342,1356,369,1331,369
978,754,1000,754,1000,801,978,801
1038,870,1067,870,1067,919,1038,919
849,1056,873,1056,873,1083,849,1083
2227,348,2257,348,2257,389,2227,389
1268,750,1290,750,1290,802,1268,802
1471,752,1492,752,1492,804,1471,804
1559,749,1592,749,1592,803,1559,803
1680,1631,1699,1631,1699,1679,1680,1679
2588,1043,2608,1043,2608,1086,2588,1086
1778,1620,1804,1620,1804,1647,1778,1647
1560,1158,1580,1158,1580,1207,1560,1207
2409,1041,2443,1041,2443,1090,2409,1090
1750,1445,1801,1445,1801,1497,1750,1497
2227,237,2255,237,2255,266,2227,266
1753,815,1791,815,1791,860,1753,860
617,2043,667,2043,667,2098,617,2098
1310,1986,1363,1986,1363,2033,1310,2033
1276,1625,1296,1625,1296,1674,1276,1674
1622,1272,1641,1272,1641,1321,1622,1321
1280,807,1306,807,1306,834,1280,834
865,1655,891,1655,891,1678,865,1678
2422,1502,2448,1502,2448,1527,2422,1527
1216,1512,1235,1512,1235,1560,1216,1560
988,806,1015,806,1015,835,988,835
925,291,948,291,948,310,925,310
1541,636,1591,636,1591,685,1541,685
1398,636,1417,636,1417,656,1398,656
2484,1387,2504,1387,2504,1409,2484,1409
808,1276,831,1276,831,1299,808,1299
2584,1972,2612,1972,2612,2030,2584,2030
654,347,675,347,675,366,654,366
520,1996,536,1996,536,2029,520,2029
2015,1361,2033,1361,2033,1381,2015,1381
2096,414,2151,414,2151,437,2096,437
2127,342,2148,342,2148,362,2127,362
1894,635,1911,635,1911,651,1894,651
1952,983,1971,983,1971,1001,1952,1001
2009,665,2028,665,2028,685,2009,685
856,1107,868,1107,868,1145,856,1145
2243,284,2262,284,2262,304,2243,304
1234,1567,1251,1567,1251,1586,1234,1586
2318,1636,2354,1636,2354,1656,2318,1656
1830,399,1851,399,1851,420,1830,420
727,348,745,348,745,368,727,368
982,1992,996,1992,996,2025,982,2025
2077,1039,2095,1039,2095,1058,2077,1058
2665,923,2684,923,2684,942,2665,942
733,958,753,958,753,978,733,978
2082,1653,2099,1653,2099,1675,2082,1675
1228,753,1244,753,1244,771,1228,771
2482,458,2498,458,2498,477,2482,477
2343,1211,2360,1211,2360,1231,2343,1231
1957,1653,1974,1653,1974,1673,1957,1673
2003,402,2025,402,2025,422,2003,422
2548,631,2565,631,2565,650,2548,650
1887,399,1906,399,1906,422,1887,422
2132,765,2149,765,2149,786,2132,786
1839,1216,1855,1216,1855,1235,1839,1235
1579,1216,1596,1216,1596,1235,1579,1235
1102,404,1123,404,1123,425,1102,425
2603,400,2622,400,2622,420,2603,420
1636,1566,1654,1566,1654,1585,1636,1585
1947,461,1965,461,1965,479,1947,479
