2317,476,2374,476,2374,527,2317,527
1161,1800,1206,1800,1206,1841,1161,1841
1547,1959,1590,1959,1590,1996,1547,1996
422,3144,466,3144,466,3184,422,3184
1466,3056,1509,3056,1509,3096,1466,3096
423,3197,463,3197,463,3239,423,3239
253,571,295,571,295,613,253,613
1995,1240,2068,1240,2068,1307,1995,1307
1993,1462,2070,1462,2070,1534,1993,1534
2295,1808,2349,1808,2349,1862,2295,1862
1813,613,1868,613,1868,665,1813,665
1997,785,2067,785,2067,854,1997,854
2123,3107,2161,3107,2161,3148,2123,3148
1998,1013,2065,1013,2065,1081,1998,1081
1999,1949,2020,1949,2020,2032,1999,2032
235,2062,289,2062,289,2113,235,2113
1906,761,1963,761,1963,810,1906,810
233,1620,288,1620,288,1674,233,1674
1805,1628,1859,1628,1859,1687,1805,1687
1906,932,1965,932,1965,984,1906,984
1906,992,1961,992,1961,1043,1906,1043
1690,1374,1743,1374,1743,1422,1690,1422
869,1619,911,1619,911,1658,869,1658
1806,1457,1860,1457,1860,1509,1806,1509
1014,1308,1058,1308,1058,1350,1014,1350
2305,1231,2359,1231,2359,1285,2305,1285
1914,701,1965,701,1965,751,1914,751
1803,1342,1864,1342,1864,1399,1803,1399
246,3022,290,3022,290,3050,246,3050
654,1103,689,1103,689,1139,654,1139
1607,737,1647,737,1647,751,1607,751
1602,1516,1641,1516,1641,1530,1602,1530
2301,1760,2343,1760,2343,1806,2301,1806
2066,1904,2107,1904,2107,1944,2066,1944
1907,818,1964,818,1964,868,1907,868
1768,2004,1812,2004,1812,2046,1768,2046
1253,2075,1298,2075,1298,2114,1253,2114
952,3090,995,3090,995,3126,952,3126
725,2739,770,2739,770,2778,725,2778
795,505,839,505,839,545,795,545
1687,1576,1738,1576,1738,1625,1687,1625
1694,755,1748,755,1748,811,1694,811
2309,1059,2359,1059,2359,1113,2309,1113
873,2897,917,2897,917,2939,873,2939
957,2163,1003,2163,1003,2203,957,2203
1813,526,1864,526,1864,579,1813,579
723,2977,763,2977,763,3008,723,3008
1908,2686,1952,2686,1952,2723,1908,2723
424,1983,467,1983,467,2024,424,2024
354,455,401,455,401,498,354,498
1808,1280,1862,1280,1862,1339,1808,1339
1029,2705,1074,2705,1074,2746,1029,2746
1161,1669,1206,1669,1206,1708,1161,1708
1463,2969,1508,2969,1508,3013,1463,3013
1913,2160,1958,2160,1958,2202,1913,2202
2310,999,2361,999,2361,1049,2310,1049
1028,2474,1074,2474,1074,2518,1028,2518
1392,2981,1435,2981,1435,3007,1392,3007
791,590,839,590,839,633,791,633
1813,790,1866,790,1866,843,1813,843
2062,2212,2103,2212,2103,2244,2062,2244
423,2767,467,2767,467,2809,423,2809
350,2490,393,2490,393,2530,350,2530
500,1462,539,1462,539,1492,500,1492
2302,1641,2348,1641,2348,1687,2302,1687
1023,3213,1067,3213,1067,3252,1023,3252
1014,1493,1059,1493,1059,1534,1014,1534
878,2033,921,2033,921,2073,878,2073
869,769,909,769,909,804,869,804
575,632,619,632,619,674,575,674
501,1238,546,1238,546,1279,501,1279
1695,2363,1731,2363,1731,2396,1695,2396
722,1682,764,1682,764,1708,722,1708
1236,1256,1278,1256,1278,1295,1236,1295
503,1542,543,1542,543,1575,503,1575
1906,1706,1942,1706,1942,1744,1906,1744
1013,1396,1059,1396,1059,1436,1013,1436
422,1726,466,1726,466,1766,422,1766
2303,1347,2356,1347,2356,1400,2303,1400
802,2265,841,2265,841,2299,802,2299
721,1156,764,1156,764,1194,721,1194
1763,2538,1806,2538,1806,2578,1763,2578
354,1047,399,1047,399,1085,354,1085
1770,2050,1808,2050,1808,2088,1770,2088
350,2537,393,2537,393,2575,350,2575
721,1111,766,1111,766,1152,721,1152
502,1152,547,1152,547,1194,502,1194
950,3212,995,3212,995,3253,950,3253
1089,1465,1131,1465,1131,1505,1089,1505
722,1421,763,1421,763,1452,722,1452
1696,524,1743,524,1743,577,1696,577
245,2898,288,2898,288,2940,245,2940
648,968,692,968,692,1010,648,1010
1453,1428,1499,1428,1499,1469,1453,1469
569,1773,613,1773,613,1813,569,1813
653,2028,698,2028,698,2070,653,2070
722,1242,763,1242,763,1283,722,1283
723,720,766,720,766,761,723,761
720,1330,765,1330,765,1367,720,1367
2321,531,2373,531,2373,583,2321,583
1456,1213,1499,1213,1499,1251,1456,1251
1093,594,1136,594,1136,635,1093,635
1988,2089,2032,2089,2032,2131,1988,2131
1241,865,1279,865,1279,880,1241,880
355,782,398,782,398,824,355,824
1692,872,1748,872,1748,928,1692,928
725,2781,769,2781,769,2820,725,2820
354,1176,400,1176,400,1217,354,1217
579,2640,624,2640,624,2680,579,2680
1807,1574,1859,1574,1859,1624,1807,1624
1907,874,1961,874,1961,927,1907,927
576,1211,617,1211,617,1247,576,1247
350,1713,393,1713,393,1755,350,1755
1020,1126,1060,1126,1060,1159,1020,1159
504,2792,549,2792,549,2831,504,2831
1241,987,1282,987,1282,1021,1241,1021
428,1032,471,1032,471,1071,428,1071
1473,2031,1518,2031,1518,2073,1473,2073
1456,1168,1498,1168,1498,1207,1456,1207
249,661,294,661,294,698,249,698
354,641,399,641,399,690,354,690
1807,1405,1864,1405,1864,1448,1807,1448
649,1144,690,1144,690,1182,649,1182
2307,1174,2360,1174,2360,1226,2307,1226
796,1229,839,1229,839,1269,796,1269
868,508,910,508,910,545,868,545
726,2610,772,2610,772,2646,726,2646
2054,2913,2095,2913,2095,2947,2054,2947
877,1901,921,1901,921,1943,877,1943
867,1826,909,1826,909,1852,867,1852
1467,2606,1512,2606,1512,2648,1467,2648
501,589,545,589,545,629,501,629
1032,1946,1077,1946,1077,1986,1032,1986
428,1380,471,1380,471,1421,428,1421
1381,1330,1425,1330,1425,1375,1381,1375
497,1638,539,1638,539,1683,497,1683
957,2380,1001,2380,1001,2421,957,2421
577,3168,621,3168,621,3207,577,3207
729,1945,772,1945,772,1983,729,1983
653,2805,695,2805,695,2842,653,2842
647,881,692,881,692,921,647,921
428,717,472,717,472,759,428,759
653,2907,694,2907,694,2946,653,2946
1917,1952,1955,1952,1955,1983,1917,1983
1456,1126,1498,1126,1498,1166,1456,1166
727,2524,769,2524,769,2560,727,2560
502,675,544,675,544,714,502,714
1029,2307,1073,2307,1073,2345,1029,2345
945,993,989,993,989,1033,945,1033
1400,2034,1443,2034,1443,2071,1400,2071
427,1291,470,1291,470,1333,427,1333
871,2985,916,2985,916,3026,871,3026
1160,1523,1205,1523,1205,1561,1160,1561
353,2114,393,2114,393,2144,353,2144
1909,2481,1954,2481,1954,2522,1909,2522
649,1314,691,1314,691,1356,649,1356
795,548,839,548,839,588,795,588
868,1443,911,1443,911,1484,868,1484
1536,3084,1580,3084,1580,3125,1536,3125
2291,1945,2333,1945,2333,1989,2291,1989
575,1294,618,1294,618,1335,575,1335
2292,1902,2333,1902,2333,1942,2292,1942
1528,1737,1568,1737,1568,1776,1528,1776
350,1771,395,1771,395,1813,350,1813
252,619,296,619,296,660,252,660
1528,1256,1571,1256,1571,1295,1528,1295
1608,511,1649,511,1649,548,1608,548
246,2724,287,2724,287,2764,246,2764
1388,596,1428,596,1428,634,1388,634
1022,817,1063,817,1063,851,1022,851
1454,1516,1498,1516,1498,1556,1454,1556
1250,2407,1293,2407,1293,2449,1250,2449
2313,1290,2356,1290,2356,1341,2313,1341
1460,739,1503,739,1503,779,1460,779
571,1730,614,1730,614,1770,571,1770
349,2576,394,2576,394,2619,349,2619
1746,1459,1799,1459,1799,1511,1746,1511
1387,637,1429,637,1429,680,1387,680
1024,3167,1067,3167,1067,3208,1024,3208
796,1278,836,1278,836,1309,796,1309
1454,1386,1498,1386,1498,1426,1454,1426
1179,2076,1224,2076,1224,2115,1179,2115
425,1897,467,1897,467,1925,425,1925
1603,1085,1647,1085,1647,1127,1603,1127
1172,3084,1215,3084,1215,3124,1172,3124
1534,567,1574,567,1574,608,1534,608
2138,1905,2176,1905,2176,1946,2138,1946
2303,1460,2349,1460,2349,1513,2303,1513
1094,638,1136,638,1136,678,1094,678
873,2839,918,2839,918,2880,873,2880
509,2164,549,2164,549,2189,509,2189
1107,1990,1150,1990,1150,2032,1107,2032
1313,509,1355,509,1355,547,1313,547
575,678,621,678,621,717,575,717
944,1035,986,1035,986,1076,944,1076
1834,2782,1877,2782,1877,2821,1834,2821
1238,810,1282,810,1282,851,1238,851
1016,1782,1059,1782,1059,1815,1016,1815
1527,1428,1570,1428,1570,1470,1527,1470
793,1782,834,1782,834,1813,793,1813
1104,2392,1148,2392,1148,2435,1104,2435
2304,1408,2352,1408,2352,1457,2304,1457
1238,550,1281,550,1281,591,1238,591
1618,2219,1663,2219,1663,2257,1618,2257
941,1601,984,1601,984,1640,941,1640
1399,2118,1444,2118,1444,2158,1399,2158
506,2661,548,2661,548,2698,506,2698
942,1210,987,1210,987,1251,942,1251
577,2944,620,2944,620,2982,577,2982
430,902,472,902,472,941,430,941
355,1943,393,1943,393,1977,355,1977
427,1252,469,1252,469,1289,427,1289
1380,1560,1425,1560,1425,1602,1380,1602
421,1684,465,1684,465,1723,421,1723
1526,1824,1569,1824,1569,1862,1526,1862
1609,3214,1653,3214,1653,3254,1609,3254
1459,508,1502,508,1502,550,1459,550
573,1513,615,1513,615,1554,573,1554
572,1643,617,1643,617,1685,572,1685
866,1733,909,1733,909,1775,866,1775
1696,2197,1732,2197,1732,2217,1696,2217
1015,1827,1054,1827,1054,1858,1015,1858
1454,1649,1497,1649,1497,1691,1454,1691
578,2986,621,2986,621,3026,578,3026
1311,811,1354,811,1354,851,1311,851
1914,2253,1955,2253,1955,2284,1914,2284
502,3208,546,3208,546,3248,502,3248
1388,3256,1434,3256,1434,3299,1388,3299
731,2434,772,2434,772,2472,731,2472
1692,2402,1734,2402,1734,2443,1692,2443
801,2133,846,2133,846,2175,801,2175
2319,646,2374,646,2374,701,2319,701
723,2926,767,2926,767,2968,723,2968
1902,3171,1947,3171,1947,3211,1902,3211
648,1513,686,1513,686,1551,648,1551
348,2947,393,2947,393,2988,348,2988
1601,1331,1645,1331,1645,1372,1601,1372
650,2845,694,2845,694,2887,650,2887
868,1781,907,1781,907,1818,868,1818
793,1687,837,1687,837,1728,793,1728
1394,2792,1437,2792,1437,2833,1394,2833
2056,2555,2101,2555,2101,2594,2056,2594
1031,2163,1074,2163,1074,2203,1031,2203
2320,766,2363,766,2363,813,2320,813
870,985,915,985,915,1027,870,1027
649,3035,693,3035,693,3076,649,3076
584,2246,624,2246,624,2285,584,2285
1019,857,1061,857,1061,897,1019,897
582,2027,625,2027,625,2067,582,2067
2133,2335,2175,2335,2175,2378,2133,2378
1764,2405,1807,2405,1807,2448,1764,2448
794,1819,839,1819,839,1862,794,1862
578,2856,621,2856,621,2897,578,2897
501,1366,542,1366,542,1410,501,1410
426,2288,473,2288,473,2329,426,2329
1250,2711,1291,2711,1291,2749,1250,2749
1160,1266,1206,1266,1206,1297,1160,1297
429,1343,466,1343,466,1375,429,1375
1029,2389,1073,2389,1073,2431,1029,2431
352,1655,394,1655,394,1695,352,1695
1621,2321,1660,2321,1660,2357,1621,2357
1027,2662,1072,2662,1072,2703,1027,2703
1757,3042,1800,3042,1800,3081,1757,3081
1318,2839,1365,2839,1365,2880,1318,2880
951,3040,995,3040,995,3081,951,3081
1467,2666,1511,2666,1511,2706,1467,2706
1033,2263,1073,2263,1073,2297,1033,2297
422,3086,464,3086,464,3126,422,3126
1313,869,1353,869,1353,908,1313,908
871,899,914,899,914,939,871,939
658,2506,696,2506,696,2537,658,2537
651,3207,692,3207,692,3248,651,3248
1091,1165,1131,1165,1131,1196,1091,1196
1104,2505,1146,2505,1146,2546,1104,2546
953,2903,997,2903,997,2941,953,2941
1102,2994,1142,2994,1142,3036,1102,3036
1690,1280,1744,1280,1744,1338,1690,1338
425,2462,470,2462,470,2501,425,2501
1397,2248,1443,2248,1443,2287,1397,2287
510,2072,548,2072,548,2111,510,2111
1033,2435,1072,2435,1072,2471,1033,2471
1688,2666,1731,2666,1731,2705,1688,2705
1686,1629,1741,1629,1741,1686,1686,1686
1474,1949,1518,1949,1518,1985,1474,1985
1609,3170,1654,3170,1654,3212,1609,3212
1806,1518,1857,1518,1857,1567,1806,1567
578,3036,616,3036,616,3066,578,3066
655,2541,697,2541,697,2584,655,2584
1026,3069,1069,3069,1069,3111,1026,3111
427,2201,469,2201,469,2241,427,2241
870,3028,916,3028,916,3070,870,3070
2059,2339,2104,2339,2104,2380,2059,2380
1535,800,1571,800,1571,832,1535,832
1394,2736,1437,2736,1437,2780,1394,2780
1455,1081,1499,1081,1499,1121,1455,1121
797,2939,840,2939,840,2980,797,2980
2061,2389,2098,2389,2098,2422,2061,2422
1531,839,1573,839,1573,878,1531,878
2324,594,2370,594,2370,640,2324,640
353,1983,395,1983,395,2023,353,2023
724,3213,764,3213,764,3252,724,3252
502,3080,546,3080,546,3121,502,3121
959,2337,1000,2337,1000,2376,959,2376
427,2115,467,2115,467,2154,427,2154
799,3030,837,3030,837,3062,799,3062
944,1386,984,1386,984,1417,944,1417
1620,2275,1660,2275,1660,2316,1620,2316
1615,2491,1658,2491,1658,2532,1615,2532
425,2026,467,2026,467,2068,425,2068
729,2699,768,2699,768,2730,729,2730
651,927,691,927,691,965,651,965
1980,2940,2022,2940,2022,2981,1980,2981
428,2160,469,2160,469,2194,428,2194
2135,2035,2182,2035,2182,2075,2135,2075
730,2160,770,2160,770,2201,730,2201
955,2726,1000,2726,1000,2768,955,2768
1603,1147,1645,1147,1645,1185,1603,1185
655,2169,699,2169,699,2211,655,2211
2055,2867,2098,2867,2098,2908,2055,2908
1836,2605,1878,2605,1878,2644,1836,2644
797,636,839,636,839,673,797,673
1535,3169,1580,3169,1580,3210,1535,3210
2054,2779,2097,2779,2097,2822,2054,2822
1250,2535,1292,2535,1292,2576,1250,2576
1383,943,1428,943,1428,982,1383,982
1907,2997,1948,2997,1948,3039,1907,3039
574,1423,617,1423,617,1464,574,1464
2317,823,2365,823,2365,875,2317,875
1235,1607,1278,1607,1278,1644,1235,1644
1757,3125,1801,3125,1801,3169,1757,3169
728,2650,770,2650,770,2692,728,2692
1177,2580,1221,2580,1221,2621,1177,2621
582,2332,625,2332,625,2373,582,2373
502,805,544,805,544,842,502,842
502,1336,542,1336,542,1351,502,1351
2317,709,2370,709,2370,759,2317,759
875,1988,919,1988,919,2029,875,2029
2121,3259,2160,3259,2160,3299,2121,3299
578,504,617,504,617,547,578,547
2298,1579,2351,1579,2351,1634,2298,1634
794,764,838,764,838,804,794,804
731,1990,770,1990,770,2027,731,2027
1165,1133,1206,1133,1206,1171,1165,1171
1527,1604,1568,1604,1568,1644,1527,1644
1026,2978,1069,2978,1069,3021,1026,3021
1182,2031,1224,2031,1224,2073,1182,2073
356,509,399,509,399,550,356,550
2135,2078,2178,2078,2178,2119,2135,2119
1329,2160,1370,2160,1370,2202,1329,2202
794,1083,836,1083,836,1126,794,1126
1105,2450,1146,2450,1146,2487,1105,2487
503,1195,544,1195,544,1236,503,1236
1535,3214,1578,3214,1578,3254,1535,3254
1621,1905,1664,1905,1664,1945,1621,1945
1603,1289,1643,1289,1643,1327,1603,1327
871,3125,913,3125,913,3167,871,3167
1533,754,1574,754,1574,792,1533,792
1399,2163,1443,2163,1443,2203,1399,2203
1609,3257,1650,3257,1650,3298,1609,3298
1842,1903,1885,1903,1885,1944,1842,1944
1019,769,1061,769,1061,810,1019,810
1914,1904,1958,1904,1958,1938,1914,1938
1165,684,1209,684,1209,723,1165,723
2064,1990,2104,1990,2104,2031,2064,2031
1604,1551,1640,1551,1640,1589,1604,1589
2121,3161,2162,3161,2162,3202,2121,3202
2127,2801,2168,2801,2168,2845,2127,2845
1525,1691,1570,1691,1570,1733,1525,1733
1379,1822,1421,1822,1421,1862,1379,1862
1028,2851,1070,2851,1070,2890,1028,2890
1984,2710,2025,2710,2025,2748,1984,2748
577,1346,614,1346,614,1377,577,1377
1380,1606,1423,1606,1423,1646,1380,1646
581,2418,625,2418,625,2461,581,2461
1528,1039,1572,1039,1572,1079,1528,1079
502,501,546,501,546,540,502,540
1540,2824,1582,2824,1582,2865,1540,2865
425,2374,467,2374,467,2417,425,2417
352,2249,394,2249,394,2279,352,2279
2305,1523,2343,1523,2343,1569,2305,1569
573,1251,617,1251,617,1291,573,1291
796,1645,837,1645,837,1683,796,1683
1248,2974,1290,2974,1290,3014,1248,3014
1014,1256,1059,1256,1059,1295,1014,1295
1689,1457,1742,1457,1742,1509,1689,1509
1905,3215,1946,3215,1946,3255,1905,3255
431,989,471,989,471,1031,431,1031
803,2078,845,2078,845,2112,803,2112
245,2812,288,2812,288,2852,245,2852
498,1684,540,1684,540,1725,498,1725
650,2992,692,2992,692,3032,650,3032
1541,2780,1582,2780,1582,2818,1541,2818
428,1205,471,1205,471,1248,428,1248
1383,855,1429,855,1429,898,1383,898
350,2620,394,2620,394,2660,350,2660
430,1426,465,1426,465,1462,430,1462
427,502,472,502,472,542,427,542
1470,2709,1506,2709,1506,2747,1470,2747
870,1299,908,1299,908,1337,870,1337
1550,1902,1592,1902,1592,1944,1550,1944
1814,875,1864,875,1864,928,1814,928
2313,885,2362,885,2362,932,2313,932
1165,857,1205,857,1205,897,1165,897
1919,2078,1955,2078,1955,2112,1919,2112
1904,3261,1944,3261,1944,3300,1904,3300
1835,2742,1876,2742,1876,2776,1835,2776
1163,1759,1201,1759,1201,1794,1163,1794
1691,2798,1729,2798,1729,2832,1691,2832
1905,3130,1945,3130,1945,3168,1905,3168
1756,526,1807,526,1807,580,1756,580
1237,1821,1278,1821,1278,1863,1237,1863
1320,2893,1362,2893,1362,2936,1320,2936
502,1107,545,1107,545,1149,502,1149
1316,1046,1350,1046,1350,1084,1316,1084
2050,3083,2092,3083,2092,3126,2050,3126
1762,3003,1799,3003,1799,3036,1762,3036
643,1818,685,1818,685,1860,643,1860
1472,2433,1513,2433,1513,2473,1472,2473
1981,2810,2021,2810,2021,2849,1981,2849
354,1569,391,1569,391,1610,354,1610
1397,2638,1434,2638,1434,2677,1397,2677
1986,2586,2023,2586,2023,2606,1986,2606
1459,796,1499,796,1499,836,1459,836
1034,1994,1072,1994,1072,2026,1034,2026
654,3166,689,3166,689,3205,654,3205
575,1382,617,1382,617,1422,575,1422
1906,643,1964,643,1964,694,1906,694
1239,682,1282,682,1282,721,1239,721
957,2772,997,2772,997,2810,957,2810
502,846,546,846,546,890,502,890
355,1002,399,1002,399,1043,355,1043
1977,3217,2019,3217,2019,3256,1977,3256
2060,2165,2105,2165,2105,2204,2060,2204
800,2989,836,2989,836,3022,800,3022
878,2122,914,2122,914,2156,878,2156
2134,2293,2174,2293,2174,2334,2134,2334
659,2269,699,2269,699,2307,659,2307
1387,683,1425,683,1425,722,1387,722
1459,463,1503,463,1503,505,1459,505
1091,462,1135,462,1135,505,1091,505
1688,1519,1739,1519,1739,1568,1688,1568
577,3253,618,3253,618,3294,577,3294
1615,2603,1656,2603,1656,2642,1615,2642
649,679,693,679,693,719,649,719
357,1139,394,1139,394,1172,357,1172
1312,1327,1350,1327,1350,1359,1312,1359
1540,2649,1585,2649,1585,2689,1540,2689
503,3166,545,3166,545,3203,503,3203
1907,2781,1949,2781,1949,2824,1907,2824
724,894,764,894,764,937,724,937
1328,1902,1371,1902,1371,1939,1328,1939
1398,2462,1438,2462,1438,2503,1398,2503
2130,2720,2168,2720,2168,2752,2130,2752
723,1636,761,1636,761,1671,723,1671
423,2868,466,2868,466,2909,423,2909
723,1502,765,1502,765,1543,723,1543
1164,591,1210,591,1210,633,1164,633
728,2828,764,2828,764,2863,728,2863
1909,2957,1947,2957,1947,2993,1909,2993
1309,1217,1353,1217,1353,1256,1309,1256
1400,2297,1437,2297,1437,2329,1400,2329
1090,723,1136,723,1136,766,1090,766
501,1023,543,1023,543,1061,501,1061
877,2302,918,2302,918,2344,877,2344
435,588,469,588,469,626,435,626
1036,2352,1071,2352,1071,2384,1036,2384
1601,1460,1640,1460,1640,1503,1601,1503
1542,2560,1581,2560,1581,2599,1542,2599
1530,893,1574,893,1574,934,1530,934
1387,470,1427,470,1427,500,1387,500
728,3015,764,3015,764,3054,728,3054
1754,705,1802,705,1802,747,1754,747
1603,813,1647,813,1647,855,1603,855
428,2075,466,2075,466,2108,428,2108
350,2838,392,2838,392,2881,350,2881
874,2754,918,2754,918,2793,874,2793
504,2573,548,2573,548,2614,504,2614
428,858,473,858,473,900,428,900
962,2513,998,2513,998,2548,962,2548
1166,1001,1204,1001,1204,1040,1166,1040
942,1648,983,1648,983,1685,942,1685
1092,511,1135,511,1135,547,1092,547
574,721,620,721,620,762,574,762
506,2472,551,2472,551,2516,506,2516
721,458,766,458,766,502,721,502
879,2568,916,2568,916,2602,879,2602
506,2341,552,2341,552,2382,506,2382
353,3038,388,3038,388,3072,353,3072
350,2669,393,2669,393,2704,350,2704
1543,2328,1588,2328,1588,2371,1543,2371
943,949,989,949,989,991,943,991
352,1483,394,1483,394,1516,352,1516
431,2245,466,2245,466,2283,431,2283
949,733,986,733,986,766,949,766
1458,852,1502,852,1502,894,1458,894
733,2478,767,2478,767,2517,733,2517
1318,3259,1358,3259,1358,3296,1318,3296
1746,1629,1800,1629,1800,1688,1746,1688
1032,2216,1074,2216,1074,2255,1032,2255
424,2681,465,2681,465,2722,424,2722
1979,3027,2020,3027,2020,3067,1979,3067
1108,1902,1150,1902,1150,1943,1108,1943
431,1078,470,1078,470,1110,431,1110
1256,2190,1296,2190,1296,2231,1256,2231
511,2245,547,2245,547,2283,511,2283
1987,2499,2024,2499,2024,2531,1987,2531
500,1819,535,1819,535,1852,500,1852
1090,1247,1131,1247,1131,1288,1090,1288
578,2902,617,2902,617,2936,578,2936
2123,3212,2159,3212,2159,3245,2123,3245
1915,2336,1954,2336,1954,2374,1915,2374
799,1599,837,1599,837,1641,799,1641
2051,3039,2089,3039,2089,3078,2051,3078
1473,2306,1512,2306,1512,2341,1473,2341
653,2326,697,2326,697,2367,653,2367
1174,2814,1216,2814,1216,2847,1174,2847
1620,1990,1662,1990,1662,2032,1620,2032
356,3166,391,3166,391,3201,356,3201
1401,1990,1443,1990,1443,2029,1401,2029
509,2116,547,2116,547,2156,509,2156
1829,3213,1873,3213,1873,3252,1829,3252
945,1473,985,1473,985,1511,945,1511
509,2524,548,2524,548,2558,509,2558
1830,2998,1875,2998,1875,3041,1830,3041
868,1385,912,1385,912,1427,868,1427
1761,2681,1805,2681,1805,2720,1761,2720
1457,909,1500,909,1500,946,1457,946
1907,3043,1943,3043,1943,3080,1907,3080
796,1546,838,1546,838,1589,796,1589
1235,1647,1278,1647,1278,1688,1235,1688
946,1343,986,1343,986,1379,946,1379
1539,3129,1577,3129,1577,3168,1539,3168
1474,2117,1515,2117,1515,2159,1474,2159
1387,553,1428,553,1428,593,1387,593
1980,3132,2017,3132,2017,3169,1980,3169
578,596,615,596,615,629,578,629
1549,2002,1588,2002,1588,2039,1549,2039
1844,2127,1879,2127,1879,2160,1844,2160
1766,2349,1806,2349,1806,2392,1766,2392
1022,1224,1055,1224,1055,1244,1022,1244
647,1425,691,1425,691,1466,647,1466
1458,681,1502,681,1502,724,1458,724
1319,3172,1357,3172,1357,3212,1319,3212
2292,1990,2328,1990,2328,2030,2292,2030
1766,2131,1811,2131,1811,2174,1766,2174
351,3077,392,3077,392,3117,351,3117
1477,3204,1497,3204,1497,3242,1477,3242
507,2830,545,2830,545,2874,507,2874
1090,1508,1132,1508,1132,1547,1090,1547
2133,2207,2175,2207,2175,2249,2133,2249
503,1280,541,1280,541,1323,503,1323
1321,2781,1366,2781,1366,2825,1321,2825
1597,1692,1640,1692,1640,1733,1597,1733
1606,681,1644,681,1644,723,1606,723
350,2753,393,2753,393,2793,350,2793
1753,1375,1798,1375,1798,1420,1753,1420
1018,1681,1057,1681,1057,1719,1018,1719
1748,1575,1796,1575,1796,1624,1748,1624
869,854,910,854,910,898,869,898
2363,1484,2397,1484,2397,1526,2363,1526
502,1413,542,1413,542,1453,502,1453
647,1370,691,1370,691,1412,647,1412
426,1558,465,1558,465,1589,426,1589
1544,2041,1589,2041,1589,2083,1544,2083
2311,1121,2355,1121,2355,1162,2311,1162
351,1436,396,1436,396,1477,351,1477
941,1689,983,1689,983,1729,941,1729
355,596,397,596,397,637,355,637
1917,1990,1956,1990,1956,2028,1917,2028
1327,1988,1372,1988,1372,2031,1327,2031
1106,2771,1142,2771,1142,2806,1106,2806
730,1907,767,1907,767,1941,730,1941
724,769,762,769,762,799,724,799
729,2565,773,2565,773,2607,729,2607
350,2993,391,2993,391,3028,350,3028
1251,2367,1292,2367,1292,2404,1251,2404
1536,3257,1577,3257,1577,3297,1536,3297
1900,1501,1942,1501,1942,1544,1900,1544
1238,464,1282,464,1282,505,1238,505
352,2026,394,2026,394,2067,352,2067
1164,1483,1199,1483,1199,1516,1164,1516
1181,1903,1222,1903,1222,1943,1181,1943
575,765,619,765,619,805,575,805
650,738,691,738,691,777,650,777
2142,1991,2174,1991,2174,2031,2142,2031
651,3083,693,3083,693,3117,651,3117
1310,1597,1347,1597,1347,1630,1310,1630
725,3124,766,3124,766,3164,725,3164
943,1166,987,1166,987,1206,943,1206
357,2160,393,2160,393,2196,357,2196
1529,953,1575,953,1575,993,1529,993
1162,465,1210,465,1210,503,1162,503
1030,2608,1072,2608,1072,2649,1030,2649
430,677,472,677,472,714,430,714
1034,2904,1063,2904,1063,2926,1034,2926
1474,2173,1516,2173,1516,2215,1474,2215
1908,2639,1953,2639,1953,2678,1908,2678
1755,3174,1800,3174,1800,3213,1755,3213
1812,701,1865,701,1865,755,1812,755
1695,2145,1733,2145,1733,2180,1695,2180
510,2026,547,2026,547,2069,510,2069
1233,1383,1278,1383,1278,1424,1233,1424
1909,2582,1950,2582,1950,2623,1909,2623
1253,1946,1299,1946,1299,1985,1253,1985
1018,1539,1056,1539,1056,1572,1018,1572
251,700,295,700,295,744,251,744
808,2528,841,2528,841,2563,808,2563
650,3253,687,3253,687,3294,650,3294
1533,699,1575,699,1575,737,1533,737
1465,2882,1508,2882,1508,2924,1465,2924
1606,862,1643,862,1643,894,1606,894
874,3173,911,3173,911,3208,874,3208
1767,2595,1807,2595,1807,2634,1767,2634
869,546,909,546,909,587,869,587
1172,3131,1214,3131,1214,3165,1172,3165
2127,2859,2168,2859,2168,2900,2127,2900
1994,2035,2028,2035,2028,2074,1994,2074
356,727,398,727,398,768,356,768
793,1457,839,1457,839,1501,793,1501
1908,2537,1953,2537,1953,2579,1908,2579
1526,1776,1568,1776,1568,1819,1526,1819
1248,2666,1292,2666,1292,2705,1248,2705
354,1087,399,1087,399,1130,354,1130
1981,2900,2020,2900,2020,2933,1981,2933
355,1354,394,1354,394,1386,355,1386
805,2654,839,2654,839,2692,805,2692
1750,1278,1803,1278,1803,1340,1750,1340
1257,2237,1293,2237,1293,2274,1257,2274
1241,1212,1275,1212,1275,1251,1241,1251
1089,1292,1133,1292,1133,1331,1089,1331
2351,2033,2387,2033,2387,2084,2351,2084
2059,2760,2097,2760,2097,2776,2059,2776
1613,3085,1653,3085,1653,3122,1613,3122
800,914,836,914,836,949,800,949
2056,2643,2098,2643,2098,2683,2056,2683
1537,610,1570,610,1570,649,1537,649
2054,3132,2090,3132,2090,3166,2054,3166
1623,2090,1659,2090,1659,2124,1623,2124
1760,3265,1795,3265,1795,3291,1760,3291
728,3068,767,3068,767,3111,728,3111
1982,2989,2019,2989,2019,3021,1982,3021
1104,2727,1143,2727,1143,2761,1104,2761
945,1562,982,1562,982,1596,945,1596
1165,913,1208,913,1208,955,1165,955
1307,1508,1350,1508,1350,1544,1307,1544
869,3255,911,3255,911,3295,869,3295
351,1533,394,1533,394,1548,351,1548
355,1896,395,1896,395,1935,355,1935
1759,2865,1803,2865,1803,2908,1759,2908
577,1470,613,1470,613,1508,577,1508
1170,3254,1213,3254,1213,3297,1170,3297
584,2601,620,2601,620,2633,584,2633
430,2421,466,2421,466,2456,430,2456
569,1818,612,1818,612,1858,569,1858
1383,1243,1425,1243,1425,1288,1383,1288
1770,2179,1806,2179,1806,2217,1770,2217
1094,557,1131,557,1131,590,1094,590
1389,1033,1424,1033,1424,1069,1389,1069
1746,1516,1797,1516,1797,1566,1746,1566
1310,1365,1352,1365,1352,1406,1310,1406
1469,2519,1513,2519,1513,2564,1469,2564
1978,3085,2021,3085,2021,3126,1978,3126
1456,1695,1494,1695,1494,1732,1456,1732
1989,2400,2024,2400,2024,2429,1989,2429
2064,2295,2099,2295,2099,2333,2064,2333
1909,2736,1952,2736,1952,2778,1909,2778
651,3123,686,3123,686,3164,651,3164
1021,679,1058,679,1058,719,1021,719
1329,2033,1370,2033,1370,2071,1329,2071
1313,1004,1354,1004,1354,1039,1313,1039
1754,873,1806,873,1806,928,1754,928
576,938,619,938,619,981,576,981
1619,2365,1659,2365,1659,2401,1619,2401
2138,2168,2170,2168,2170,2200,2138,2200
1384,985,1426,985,1426,1025,1384,1025
730,2392,772,2392,772,2431,730,2431
1018,636,1062,636,1062,675,1018,675
1035,2122,1071,2122,1071,2159,1035,2159
1327,2076,1371,2076,1371,2115,1327,2115
1543,2697,1579,2697,1579,2729,1543,2729
1391,3067,1434,3067,1434,3109,1391,3109
2350,2467,2380,2467,2380,2513,2350,2513
876,946,909,946,909,980,876,980
1463,3116,1507,3116,1507,3156,1463,3156
582,2688,616,2688,616,2720,582,2720
870,591,911,591,911,632,870,632
508,3127,543,3127,543,3161,508,3161
1604,465,1649,465,1649,507,1604,507
1545,2217,1588,2217,1588,2255,1545,2255
1898,1581,1941,1581,1941,1620,1898,1620
1382,1289,1427,1289,1427,1330,1382,1330
1307,1419,1353,1419,1353,1459,1307,1459
1690,2496,1730,2496,1730,2527,1690,2527
957,2956,997,2956,997,2974,957,2974
1238,726,1281,726,1281,767,1238,767
870,1577,904,1577,904,1611,870,1611
1241,642,1277,642,1277,676,1241,676
2364,1439,2397,1439,2397,1480,2364,1480
496,1772,538,1772,538,1811,496,1811
1758,2956,1803,2956,1803,2993,1758,2993
1237,897,1281,897,1281,939,1237,939
1614,2691,1657,2691,1657,2734,1614,2734
1107,2078,1151,2078,1151,2117,1107,2117
646,1600,688,1600,688,1641,646,1641
1993,2183,2026,2183,2026,2208,1993,2208
1381,1734,1422,1734,1422,1774,1381,1774
1600,1591,1640,1591,1640,1634,1600,1634
1689,2837,1725,2837,1725,2876,1689,2876
1836,2564,1878,2564,1878,2601,1836,2601
1166,1175,1206,1175,1206,1216,1166,1216
1234,1734,1278,1734,1278,1777,1234,1777
1100,3081,1142,3081,1142,3122,1100,3122
429,2551,464,2551,464,2589,429,2589
358,1263,394,1263,394,1301,358,1301
1092,857,1136,857,1136,898,1092,898
1239,1473,1276,1473,1276,1509,1239,1509
1461,3256,1507,3256,1507,3299,1461,3299
1239,510,1279,510,1279,542,1239,542
798,2797,841,2797,841,2839,798,2839
577,1029,618,1029,618,1061,577,1061
1110,2039,1147,2039,1147,2070,1110,2070
584,2288,625,2288,625,2325,584,2325
728,808,760,808,760,849,728,849
1254,1988,1297,1988,1297,2029,1254,2029
655,2721,692,2721,692,2753,655,2753
2068,2123,2100,2123,2100,2157,2068,2157
652,641,689,641,689,674,652,674
436,545,464,545,464,583,436,583
800,2307,846,2307,846,2348,800,2348
1241,595,1280,595,1280,635,1241,635
805,2437,838,2437,838,2475,805,2475
2131,2586,2170,2586,2170,2626,2131,2626
658,1990,691,1990,691,2022,658,2022
1400,2336,1442,2336,1442,2374,1400,2374
886,2391,914,2391,914,2429,886,2429
1237,1300,1278,1300,1278,1338,1237,1338
1234,1516,1277,1516,1277,1558,1234,1558
1604,552,1646,552,1646,595,1604,595
803,2031,845,2031,845,2070,803,2070
963,2252,999,2252,999,2284,963,2284
584,2771,620,2771,620,2806,584,2806
2054,3002,2092,3002,2092,3035,2054,3035
510,1899,545,1899,545,1934,510,1934
651,1015,688,1015,688,1053,651,1053
1546,2433,1585,2433,1585,2471,1546,2471
1101,3037,1143,3037,1143,3077,1101,3077
1031,2750,1069,2750,1069,2791,1031,2791
879,2609,916,2609,916,2649,879,2649
354,2448,389,2448,389,2488,354,2488
1602,1245,1642,1245,1642,1281,1602,1281
506,980,541,980,541,1017,506,1017
869,809,909,809,909,846,869,846
945,1255,986,1255,986,1292,945,1292
579,1113,614,1113,614,1155,579,1155
1772,2221,1806,2221,1806,2258,1772,2258
582,2506,622,2506,622,2545,582,2545
876,2519,919,2519,919,2559,876,2559
2139,1948,2174,1948,2174,1987,2139,1987
799,1734,836,1734,836,1772,799,1772
1394,2848,1437,2848,1437,2889,1394,2889
503,3021,547,3021,547,3062,503,3062
723,2868,768,2868,768,2909,723,2909
1402,1946,1442,1946,1442,1986,1402,1986
2059,2605,2096,2605,2096,2637,2059,2637
1984,2446,2026,2446,2026,2489,1984,2489
1476,1901,1519,1901,1519,1942,1476,1942
731,1553,756,1553,756,1584,731,1584
1306,1820,1350,1820,1350,1862,1306,1862
1839,2388,1881,2388,1881,2426,1839,2426
1617,2546,1651,2546,1651,2587,1617,2587
1093,987,1134,987,1134,1028,1093,1028
2053,3219,2087,3219,2087,3253,2053,3253
649,825,691,825,691,865,649,865
1325,2567,1366,2567,1366,2604,1325,2604
355,3250,388,3250,388,3291,355,3291
578,458,617,458,617,498,578,498
1178,2293,1222,2293,1222,2335,1178,2335
796,3211,836,3211,836,3253,796,3253
648,1776,683,1776,683,1813,648,1813
1455,1603,1495,1603,1495,1644,1455,1644
1986,2536,2024,2536,2024,2573,1986,2573
1984,2856,2021,2856,2021,2889,1984,2889
1761,3089,1798,3089,1798,3120,1761,3120
1184,1997,1220,1997,1220,2028,1184,2028
871,678,909,678,909,717,871,717
728,591,762,591,762,629,728,629
959,2641,993,2641,993,2679,959,2679
579,899,613,899,613,933,579,933
509,893,538,893,538,929,509,929
359,555,395,555,395,592,359,592
1019,1355,1055,1355,1055,1392,1019,1392
955,3132,992,3132,992,3165,955,3165
728,2030,770,2030,770,2072,728,2072
358,872,393,872,393,910,358,910
1835,2913,1871,2913,1871,2952,1835,2952
954,2814,997,2814,997,2855,954,2855
944,460,989,460,989,503,944,503
506,2748,545,2748,545,2787,506,2787
728,983,758,983,758,1020,728,1020
963,1996,998,1996,998,2024,963,2024
1307,1281,1353,1281,1353,1320,1307,1320
1328,3127,1354,3127,1354,3167,1328,3167
2133,2257,2172,2257,2172,2286,2133,2286
1469,2929,1504,2929,1504,2966,1469,2966
355,1613,389,1613,389,1650,355,1650
505,764,541,764,541,798,505,798
799,1188,839,1188,839,1225,799,1225
433,761,467,761,467,803,433,803
1093,1123,1127,1123,1127,1155,1093,1155
1404,2076,1438,2076,1438,2114,1404,2114
1534,469,1568,469,1568,501,1534,501
1111,2251,1145,2251,1145,2286,1111,2286
2131,2757,2168,2757,2168,2795,2131,2795
353,3124,388,3124,388,3159,353,3159
722,1588,761,1588,761,1631,722,1631
1693,2447,1729,2447,1729,2488,1693,2488
729,506,760,506,760,542,729,542
950,1081,984,1081,984,1117,950,1117
959,2468,996,2468,996,2506,959,2506
2134,2387,2173,2387,2173,2417,2134,2417
1600,1641,1638,1641,1638,1681,1600,1681
428,2336,467,2336,467,2369,428,2369
1457,1342,1497,1342,1497,1381,1457,1381
2060,2687,2094,2687,2094,2724,2060,2724
1016,1642,1058,1642,1058,1673,1016,1673
730,680,756,680,756,716,730,716
1311,684,1352,684,1352,716,1311,716
1980,3268,2012,3268,2012,3292,1980,3292
1387,1422,1418,1422,1418,1457,1387,1457
960,2294,1001,2294,1001,2331,960,2331
579,2550,623,2550,623,2592,579,2592
945,600,985,600,985,641,945,641
1331,1949,1367,1949,1367,1984,1331,1984
1313,1726,1346,1726,1346,1761,1313,1761
576,548,615,548,615,586,576,586
579,982,614,982,614,1023,579,1023
1694,642,1747,642,1747,693,1694,693
1469,2844,1505,2844,1505,2877,1469,2877
1166,1713,1202,1713,1202,1754,1166,1754
1313,915,1350,915,1350,952,1313,952
2055,2826,2097,2826,2097,2865,2055,2865
801,1945,845,1945,845,1984,801,1984
1100,2854,1146,2854,1146,2894,1100,2894
1322,3082,1357,3082,1357,3120,1322,3120
656,2224,698,2224,698,2265,656,2265
1393,3114,1435,3114,1435,3149,1393,3149
655,2116,699,2116,699,2157,655,2157
870,1029,914,1029,914,1070,870,1070
797,1141,840,1141,840,1183,797,1183
1600,1200,1644,1200,1644,1242,1600,1242
429,2958,462,2958,462,2994,429,2994
1382,1378,1425,1378,1425,1416,1382,1416
1235,1428,1280,1428,1280,1469,1235,1469
1457,1781,1494,1781,1494,1817,1457,1817
427,1515,461,1515,461,1547,427,1547
652,2950,691,2950,691,2989,652,2989
1608,644,1641,644,1641,672,1608,672
1902,1398,1946,1398,1946,1440,1902,1440
1834,2693,1878,2693,1878,2733,1834,2733
1468,2797,1510,2797,1510,2834,1468,2834
1464,638,1498,638,1498,676,1464,676
1615,2868,1655,2868,1655,2905,1615,2905
422,2592,466,2592,466,2634,422,2634
655,1058,685,1058,685,1095,655,1095
653,1690,684,1690,684,1726,653,1726
1471,2346,1513,2346,1513,2386,1471,2386
1839,2651,1873,2651,1873,2687,1839,2687
592,2072,620,2072,620,2111,592,2111
1168,645,1205,645,1205,678,1168,678
715,1814,756,1814,756,1860,715,1860
363,957,390,957,390,998,363,998
810,2479,834,2479,834,2519,810,2519
508,464,544,464,544,496,508,496
652,1277,686,1277,686,1310,652,1310
799,1407,832,1407,832,1440,799,1440
1323,3041,1358,3041,1358,3079,1323,3079
436,1166,461,1166,461,1198,436,1198
1841,2824,1869,2824,1869,2864,1841,2864
510,2434,543,2434,543,2466,510,2466
1105,2597,1140,2597,1140,2629,1105,2629
1390,774,1426,774,1426,805,1390,805
581,2463,623,2463,623,2504,581,2504
1987,2625,2022,2625,2022,2658,1987,2658
661,2633,691,2633,691,2669,661,2669
1017,1593,1052,1593,1052,1632,1017,1632
1470,3018,1504,3018,1504,3052,1470,3052
2352,2621,2376,2621,2376,2660,2352,2660
1176,2724,1215,2724,1215,2762,1176,2762
425,2916,464,2916,464,2950,425,2950
875,2694,917,2694,917,2732,875,2732
657,1187,685,1187,685,1224,657,1224
1845,2521,1870,2521,1870,2556,1845,2556
1106,2680,1139,2680,1139,2720,1106,2720
649,545,690,545,690,588,649,588
1022,1172,1052,1172,1052,1206,1022,1206
364,832,388,832,388,866,364,866
1251,2846,1288,2846,1288,2879,1251,2879
1455,1298,1498,1298,1498,1336,1455,1336
954,3257,989,3257,989,3295,954,3295
1325,2702,1364,2702,1364,2726,1325,2726
880,2434,915,2434,915,2474,880,2474
434,2728,457,2728,457,2764,434,2764
954,776,981,776,981,813,954,813
585,2381,622,2381,622,2414,585,2414
2364,1397,2398,1397,2398,1436,2364,1436
583,2727,618,2727,618,2767,583,2767
1326,2304,1369,2304,1369,2347,1326,2347
1106,2551,1146,2551,1146,2589,1106,2589
1526,1514,1570,1514,1570,1557,1526,1557
1253,2133,1298,2133,1298,2174,1253,2174
873,1492,909,1492,909,1526,873,1526
2061,2078,2104,2078,2104,2117,2061,2117
1161,1580,1204,1580,1204,1621,1161,1621
1401,1900,1444,1900,1444,1942,1401,1942
807,2353,837,2353,837,2388,807,2388
1906,2913,1948,2913,1948,2952,1906,2952
1326,2248,1368,2248,1368,2290,1326,2290
359,2798,383,2798,383,2833,359,2833
2059,2428,2100,2428,2100,2468,2059,2468
499,1736,535,1736,535,1766,499,1766
950,1126,979,1126,979,1162,950,1162
1527,1340,1572,1340,1572,1383,1527,1383
583,3074,610,3074,610,3111,583,3111
1400,2207,1442,2207,1442,2246,1400,2246
1169,1309,1199,1309,1199,1344,1169,1344
1165,957,1209,957,1209,996,1165,996
427,3044,461,3044,461,3083,427,3083
1405,2556,1431,2556,1431,2589,1405,2589
427,3252,460,3252,460,3290,427,3290
799,2886,835,2886,835,2927,799,2927
1402,2510,1432,2510,1432,2546,1402,2546
1024,3255,1065,3255,1065,3298,1024,3298
1454,1558,1497,1558,1497,1600,1454,1600
2316,942,2354,942,2354,989,2316,989
798,867,834,867,834,907,798,907
1531,1083,1572,1083,1572,1123,1531,1123
435,2507,463,2507,463,2548,435,2548
965,2425,992,2425,992,2459,965,2459
1110,2208,1144,2208,1144,2244,1110,2244
2138,2124,2173,2124,2173,2159,2138,2159
796,3117,839,3117,839,3154,796,3154
1457,1476,1494,1476,1494,1509,1457,1509
1850,2078,1874,2078,1874,2114,1850,2114
352,2894,393,2894,393,2931,352,2931
950,646,983,646,983,683,950,683
433,947,468,947,468,984,433,984
2054,2953,2094,2953,2094,2993,2054,2993
1029,3115,1063,3115,1063,3151,1029,3151
948,1431,977,1431,977,1465,948,1465
1325,2653,1363,2653,1363,2692,1325,2692
1541,657,1568,657,1568,690,1541,690
1181,2210,1221,2210,1221,2249,1181,2249
2379,703,2409,703,2409,757,2379,757
1614,3128,1649,3128,1649,3167,1614,3167
516,1946,540,1946,540,1981,516,1981
1908,2825,1948,2825,1948,2864,1908,2864
1044,2563,1066,2563,1066,2603,1044,2603
1104,2332,1149,2332,1149,2375,1104,2375
1113,2640,1138,2640,1138,2675,1113,2675
1314,594,1353,594,1353,636,1314,636
651,593,690,593,690,633,651,633
1243,772,1278,772,1278,805,1243,805
1310,1551,1347,1551,1347,1587,1310,1587
1241,1346,1276,1346,1276,1380,1241,1380
1315,1175,1349,1175,1349,1213,1315,1213
583,1988,619,1988,619,2022,583,2022
1532,1305,1567,1305,1567,1335,1532,1335
1319,2952,1364,2952,1364,2993,1319,2993
2308,1693,2347,1693,2347,1748,2308,1748
1760,3217,1796,3217,1796,3254,1760,3254
1036,1909,1073,1909,1073,1942,1036,1942
1016,1443,1054,1443,1054,1477,1016,1477
2129,2949,2162,2949,2162,2982,2129,2982
1330,2480,1361,2480,1361,2515,1330,2515
1461,553,1499,553,1499,593,1461,593
1108,2167,1143,2167,1143,2199,1108,2199
734,2206,764,2206,764,2241,734,2241
1542,3001,1579,3001,1579,3034,1542,3034
1388,1207,1423,1207,1423,1241,1388,1241
1777,1909,1801,1909,1801,1939,1777,1939
587,2114,621,2114,621,2154,587,2154
504,2707,543,2707,543,2740,504,2740
946,688,989,688,989,729,946,729
1096,1034,1131,1034,1131,1070,1096,1070
1181,2122,1223,2122,1223,2163,1181,2163
1324,3217,1352,3217,1352,3252,1324,3252
2350,2516,2379,2516,2379,2568,2350,2568
1249,2622,1293,2622,1293,2666,1249,2666
725,1462,756,1462,756,1497,725,1497
1331,2206,1365,2206,1365,2243,1331,2243
1173,2945,1215,2945,1215,2985,1173,2985
1113,1951,1147,1951,1147,1985,1113,1985
1530,1126,1573,1126,1573,1166,1530,1166
514,2620,541,2620,541,2651,514,2651
1252,3174,1282,3174,1282,3211,1252,3211
799,1044,832,1044,832,1076,799,1076
1395,2681,1435,2681,1435,2720,1395,2720
1546,2911,1577,2911,1577,2948,1546,2948
1030,2798,1067,2798,1067,2831,1030,2831
505,3254,543,3254,543,3292,505,3292
653,1731,677,1731,677,1771,653,1771
794,676,840,676,840,716,794,716
1090,1338,1131,1338,1131,1370,1090,1370
1178,2524,1222,2524,1222,2564,1178,2564
884,2350,911,2350,911,2386,884,2386
1478,2079,1514,2079,1514,2114,1478,2114
731,1030,758,1030,758,1063,731,1063
1306,1636,1348,1636,1348,1676,1306,1676
1827,3257,1872,3257,1872,3301,1827,3301
873,3215,908,3215,908,3252,873,3252
1912,2438,1952,2438,1952,2477,1912,2477
1473,2479,1509,2479,1509,2517,1473,2517
1608,769,1646,769,1646,808,1608,808
798,816,835,816,835,849,798,849
1022,1042,1051,1042,1051,1077,1022,1077
1556,2093,1581,2093,1581,2121,1556,2121
1690,2622,1731,2622,1731,2661,1690,2661
577,1601,613,1601,613,1636,577,1636
1172,1217,1195,1217,1195,1259,1172,1259
1310,1464,1350,1464,1350,1502,1310,1502
1604,944,1645,944,1645,986,1604,986
588,2160,618,2160,618,2196,588,2196
657,2451,692,2451,692,2495,657,2495
802,1988,842,1988,842,2021,802,2021
2051,3261,2089,3261,2089,3302,2051,3302
1308,1684,1350,1684,1350,1718,1308,1718
364,1396,387,1396,387,1431,364,1431
963,2035,997,2035,997,2070,963,2070
1846,1951,1882,1951,1882,1982,1846,1982
1027,905,1053,905,1053,937,1027,937
732,549,760,549,760,586,732,586
959,2121,1001,2121,1001,2159,959,2159
508,549,542,549,542,583,508,583
949,1826,976,1826,976,1860,949,1860
1546,2269,1586,2269,1586,2312,1546,2312
586,1070,613,1070,613,1108,586,1108
2068,2256,2095,2256,2095,2289,2068,2289
1162,1087,1206,1087,1206,1128,1162,1128
968,2596,994,2596,994,2634,968,2634
1333,2121,1362,2121,1362,2155,1333,2155
572,1687,613,1687,613,1727,572,1727
1552,2524,1577,2524,1577,2556,1552,2556
870,1254,913,1254,913,1297,870,1297
1315,1136,1348,1136,1348,1167,1315,1167
656,1236,682,1236,682,1262,656,1262
1611,3041,1654,3041,1654,3081,1611,3081
873,462,909,462,909,502,873,502
2379,761,2408,761,2408,805,2379,805
946,502,987,502,987,544,946,544
1180,2165,1223,2165,1223,2204,1180,2204
797,3266,837,3266,837,3281,797,3281
659,1899,693,1899,693,1940,659,1940
1181,2858,1210,2858,1210,2894,1181,2894
1252,2451,1294,2451,1294,2491,1252,2491
423,2814,463,2814,463,2846,423,2846
1625,2414,1651,2414,1651,2439,1625,2439
1256,1902,1296,1902,1296,1942,1256,1942
1777,2095,1804,2095,1804,2127,1777,2127
1316,1771,1343,1771,1343,1805,1316,1805
517,2201,541,2201,541,2242,517,2242
1248,3082,1288,3082,1288,3124,1248,3124
1700,2578,1722,2578,1722,2617,1700,2617
510,721,538,721,538,755,510,755
1615,2910,1653,2910,1653,2950,1615,2950
1618,2176,1661,2176,1661,2209,1618,2209
353,2714,389,2714,389,2747,353,2747
580,3217,615,3217,615,3250,580,3250
802,2221,844,2221,844,2259,802,2259
1160,1393,1205,1393,1205,1432,1160,1432
1991,2356,2024,2356,2024,2382,1991,2382
1103,2957,1140,2957,1140,2990,1103,2990
1455,1036,1501,1036,1501,1080,1455,1080
1620,2453,1652,2453,1652,2483,1620,2483
965,1907,999,1907,999,1942,965,1942
1532,1217,1564,1217,1564,1248,1532,1248
1771,2454,1801,2454,1801,2491,1771,2491
1315,466,1356,466,1356,505,1315,505
1164,548,1208,548,1208,591,1164,591
1908,3092,1944,3092,1944,3124,1908,3124
1911,2377,1952,2377,1952,2417,1911,2417
1170,1631,1197,1631,1197,1663,1170,1663
800,3071,835,3071,835,3110,800,3110
1405,2595,1429,2595,1429,2635,1405,2635
1112,2122,1146,2122,1146,2158,1112,2158
1603,1744,1634,1744,1634,1767,1603,1767
1542,2736,1579,2736,1579,2773,1542,2773
732,853,760,853,760,891,732,891
1107,3128,1130,3128,1130,3167,1107,3167
1617,2956,1647,2956,1647,2990,1617,2990
1618,2652,1653,2652,1653,2688,1618,2688
360,2291,389,2291,389,2326,360,2326
1703,1951,1731,1951,1731,1981,1703,1981
362,3207,388,3207,388,3248,362,3248
1246,3028,1289,3028,1289,3069,1246,3069
244,3053,291,3053,291,3089,244,3089
1455,1736,1497,1736,1497,1775,1455,1775
1534,1650,1557,1650,1557,1689,1534,1689
880,2655,916,2655,916,2690,880,2690
1096,772,1130,772,1130,803,1096,803
1038,2079,1067,2079,1067,2115,1038,2115
1602,1030,1646,1030,1646,1071,1602,1071
2064,2470,2095,2470,2095,2506,2064,2506
1176,2903,1213,2903,1213,2938,1176,2938
1385,1702,1415,1702,1415,1722,1385,1722
657,1471,681,1471,681,1506,657,1506
1696,2234,1731,2234,1731,2266,1696,2266
1398,2939,1428,2939,1428,2975,1398,2975
1620,2131,1664,2131,1664,2172,1620,2172
1606,991,1643,991,1643,1022,1606,1022
1775,2267,1802,2267,1802,2301,1775,2301
2361,1947,2387,1947,2387,1989,2361,1989
432,2645,457,2645,457,2670,432,2670
942,1293,985,1293,985,1337,942,1337
651,506,688,506,688,546,651,546
1029,3029,1066,3029,1066,3063,1029,3063
1545,2475,1579,2475,1579,2517,1545,2517
1034,2937,1062,2937,1062,2973,1034,2973
2346,2662,2377,2662,2377,2714,2346,2714
362,2204,387,2204,387,2239,362,2239
1842,2476,1876,2476,1876,2511,1842,2511
1542,2954,1573,2954,1573,2991,1542,2991
952,3171,993,3171,993,3210,952,3210
1094,1205,1129,1205,1129,1244,1094,1244
1181,1946,1224,1946,1224,1988,1181,1988
584,1901,620,1901,620,1938,584,1938
1605,1379,1640,1379,1640,1411,1605,1411
1843,2164,1880,2164,1880,2179,1843,2179
581,1942,616,1942,616,1982,581,1982
2363,1997,2388,1997,2388,2031,2363,2031
1765,2827,1799,2827,1799,2858,1765,2858
1485,2259,1505,2259,1505,2301,1485,2301
731,1380,757,1380,757,1405,731,1405
1035,2522,1066,2522,1066,2557,1035,2557
1095,810,1133,810,1133,853,1095,853
663,2674,689,2674,689,2715,663,2715
438,635,465,635,465,669,438,669
1836,2961,1872,2961,1872,2991,1836,2991
657,2372,695,2372,695,2410,657,2410
1316,769,1351,769,1351,808,1316,808
2133,2674,2168,2674,2168,2715,2133,2715
2068,2038,2103,2038,2103,2072,2068,2072
1468,598,1496,598,1496,632,1468,632
2367,1282,2399,1282,2399,1333,2367,1333
796,956,838,956,838,992,796,992
1768,2735,1797,2735,1797,2777,1768,2777
1622,2046,1661,2046,1661,2083,1622,2083
947,1524,977,1524,977,1546,947,1546
733,1720,763,1720,763,1759,733,1759
952,866,980,866,980,900,952,900
1411,2421,1433,2421,1433,2459,1411,2459
1533,506,1577,506,1577,549,1533,549
1455,1820,1497,1820,1497,1863,1455,1863
874,3078,910,3078,910,3110,874,3110
1480,2752,1500,2752,1500,2794,1480,2794
1699,1998,1731,1998,1731,2023,1699,2023
810,2698,838,2698,838,2738,810,2738
2133,2909,2158,2909,2158,2935,2133,2935
586,815,611,815,611,846,586,846
1022,1734,1044,1734,1044,1776,1022,1776
664,2413,689,2413,689,2451,664,2451
727,638,757,638,757,674,727,674
1099,3210,1141,3210,1141,3252,1099,3252
1177,2637,1219,2637,1219,2678,1177,2678
1703,2037,1734,2037,1734,2068,1703,2068
2342,3172,2368,3172,2368,3212,2342,3212
962,1948,997,1948,997,1985,962,1985
1547,3047,1574,3047,1574,3078,1547,3078
649,459,692,459,692,501,649,501
664,2757,684,2757,684,2799,664,2799
1385,1160,1423,1160,1423,1199,1385,1199
1250,2933,1284,2933,1284,2966,1250,2966
1985,3176,2013,3176,2013,3209,1985,3209
877,2165,919,2165,919,2184,877,2184
1108,2295,1142,2295,1142,2328,1108,2328
1403,3021,1424,3021,1424,3064,1403,3064
945,914,989,914,989,929,945,929
366,1308,386,1308,386,1344,366,1344
804,2741,839,2741,839,2781,804,2781
1851,2346,1880,2346,1880,2384,1851,2384
889,2072,910,2072,910,2117,889,2117
1842,1993,1880,1993,1880,2024,1842,2024
1249,2762,1290,2762,1290,2777,1249,2777
249,937,294,937,294,962,249,962
1090,1421,1131,1421,1131,1460,1090,1460
1605,898,1642,898,1642,938,1605,938
1244,1777,1270,1777,1270,1818,1244,1818
1020,465,1062,465,1062,504,1020,504
1093,941,1136,941,1136,984,1093,984
872,636,913,636,913,674,872,674
583,1557,606,1557,606,1592,583,1592
1691,2314,1735,2314,1735,2357,1691,2357
1101,3173,1138,3173,1138,3206,1101,3206
505,1071,541,1071,541,1103,505,1103
725,936,765,936,765,978,725,978
655,1646,679,1646,679,1680,655,1680
503,2890,546,2890,546,2930,503,2930
962,2552,996,2552,996,2589,962,2589
800,1316,834,1316,834,1355,800,1355
941,1784,983,1784,983,1815,941,1815
434,3002,460,3002,460,3038,434,3038
592,2202,615,2202,615,2242,592,2242
738,2248,762,2248,762,2287,738,2287
2351,2574,2378,2574,2378,2620,2351,2620
1470,3163,1499,3163,1499,3196,1470,3196
1545,2386,1585,2386,1585,2428,1545,2428
1394,3158,1429,3158,1429,3194,1394,3194
869,1678,910,1678,910,1717,869,1717
1379,1776,1423,1776,1423,1820,1379,1820
737,2292,766,2292,766,2329,737,2329
1181,2429,1215,2429,1215,2462,1181,2462
948,819,986,819,986,857,948,857
654,783,687,783,687,819,654,819
885,2252,910,2252,910,2287,885,2287
1839,2435,1879,2435,1879,2468,1839,2468
970,2858,991,2858,991,2897,970,2897
1037,2035,1072,2035,1072,2072,1037,2072
811,2613,834,2613,834,2648,811,2648
368,914,389,914,389,952,368,952
1320,961,1349,961,1349,993,1320,993
438,1122,466,1122,466,1156,438,1156
1324,2607,1363,2607,1363,2648,1324,2648
1767,2910,1793,2910,1793,2948,1767,2948
884,2204,910,2204,910,2245,884,2245
521,2289,542,2289,542,2327,521,2327
1533,998,1570,998,1570,1029,1533,1029
1021,727,1061,727,1061,762,1021,762
1098,1381,1124,1381,1124,1415,1098,1415
1317,2998,1361,2998,1361,3035,1317,3035
870,1201,910,1201,910,1244,870,1244
1477,1990,1513,1990,1513,2029,1477,2029
1323,1089,1342,1089,1342,1125,1323,1125
730,2122,764,2122,764,2156,730,2156
733,3254,760,3254,760,3292,733,3292
1472,995,1490,995,1490,1030,1472,1030
1991,2757,2014,2757,2014,2791,1991,2791
1255,2325,1289,2325,1289,2357,1255,2357
1251,1125,1271,1125,1271,1163,1251,1163
1167,507,1207,507,1207,548,1167,548
2071,2513,2090,2513,2090,2549,2071,2549
1105,3257,1128,3257,1128,3296,1105,3296
725,1201,761,1201,761,1237,725,1237
429,1598,462,1598,462,1635,429,1635
798,727,834,727,834,759,798,759
2299,2035,2321,2035,2321,2074,2299,2074
1917,2124,1949,2124,1949,2154,1917,2154
1385,899,1426,899,1426,940,1385,940
1168,1350,1200,1350,1200,1387,1168,1387
1251,2580,1293,2580,1293,2617,1251,2617
1538,1390,1559,1390,1559,1423,1538,1423
515,936,535,936,535,974,515,974
1549,2871,1574,2871,1574,2903,1549,2903
366,1223,390,1223,390,1256,366,1256
811,2396,836,2396,836,2434,811,2434
1778,2493,1797,2493,1797,2533,1778,2533
811,2179,834,2179,834,2214,811,2214
1400,3203,1423,3203,1423,3239,1400,3239
960,2077,1001,2077,1001,2116,960,2116
1021,557,1058,557,1058,587,1021,587
1255,2499,1291,2499,1291,2531,1255,2531
1337,2520,1356,2520,1356,2558,1337,2558
1247,2796,1292,2796,1292,2839,1247,2839
887,2796,908,2796,908,2837,887,2837
726,1070,761,1070,761,1109,726,1109
1538,1472,1559,1472,1559,1511,1538,1511
1992,2314,2024,2314,2024,2340,1992,2340
1480,2219,1511,2219,1511,2254,1480,2254
812,2842,835,2842,835,2883,812,2883
1406,2382,1433,2382,1433,2417,1406,2417
1243,3260,1285,3260,1285,3298,1243,3298
1321,729,1348,729,1348,762,1321,762
1023,1000,1054,1000,1054,1032,1023,1032
1474,2387,1515,2387,1515,2430,1474,2430
2349,2954,2372,2954,2372,2984,2349,2984
593,2813,613,2813,613,2852,593,2852
885,2943,907,2943,907,2980,885,2980
1186,3030,1205,3030,1205,3070,1186,3070
945,1733,981,1733,981,1765,945,1765
1693,2714,1728,2714,1728,2742,1693,2742
1929,2206,1948,2206,1948,2246,1929,2246
1099,2908,1143,2908,1143,2947,1099,2947
1831,3086,1875,3086,1875,3127,1831,3127
812,1905,837,1905,837,1939,812,1939
1699,2754,1723,2754,1723,2788,1699,2788
1537,1565,1558,1565,1558,1599,1537,1599
1253,3133,1280,3133,1280,3164,1253,3164
1769,1945,1814,1945,1814,1985,1769,1985
1466,953,1495,953,1495,990,1466,990
1841,3173,1862,3173,1862,3211,1841,3211
1170,1443,1197,1443,1197,1467,1170,1467
1990,2139,2027,2139,2027,2171,1990,2171
1326,2438,1364,2438,1364,2475,1326,2475
962,2686,991,2686,991,2722,962,2722
1474,2566,1510,2566,1510,2602,1474,2602
1097,682,1131,682,1131,720,1097,720
1182,2342,1219,2342,1219,2377,1182,2377
1615,3000,1652,3000,1652,3037,1615,3037
1837,2872,1873,2872,1873,2905,1837,2905
1379,1651,1424,1651,1424,1689,1379,1689
516,2978,537,2978,537,3017,516,3017
2369,1905,2389,1905,2389,1945,2369,1945
1766,2638,1801,2638,1801,2676,1766,2676
1614,2737,1657,2737,1657,2775,1614,2775
1459,1257,1495,1257,1495,1295,1459,1295
876,1946,919,1946,919,1986,876,1986
1921,2037,1951,2037,1951,2068,1921,2068
1770,2307,1804,2307,1804,2344,1770,2344
1621,2822,1645,2822,1645,2862,1621,2862
2383,585,2411,585,2411,627,2383,627
430,1643,458,1643,458,1675,430,1675
1846,2303,1873,2303,1873,2338,1846,2338
1691,2537,1729,2537,1729,2570,1691,2570
2343,3211,2367,3211,2367,3243,2343,3243
1240,1083,1272,1083,1272,1121,1240,1121
1177,2469,1221,2469,1221,2507,1177,2507
1386,508,1429,508,1429,550,1386,550
1237,1559,1278,1559,1278,1599,1237,1599
2135,2423,2171,2423,2171,2465,2135,2465
1185,2686,1212,2686,1212,2718,1185,2718
1024,593,1057,593,1057,631,1024,631
1396,2893,1431,2893,1431,2931,1396,2931
1178,2986,1213,2986,1213,3024,1178,3024
2382,646,2409,646,2409,699,2382,699
1334,2354,1359,2354,1359,2384,1334,2384
1841,3045,1864,3045,1864,3080,1841,3080
1324,2391,1366,2391,1366,2434,1324,2434
880,1344,899,1344,899,1381,880,1381
1700,2883,1720,2883,1720,2919,1700,2919
1606,1783,1635,1783,1635,1816,1606,1816
1848,2261,1874,2261,1874,2294,1848,2294
2142,2632,2157,2632,2157,2667,2142,2667
1994,2268,2021,2268,2021,2299,1994,2299
513,631,536,631,536,671,513,671
1604,1423,1637,1423,1637,1455,1604,1455
1169,811,1205,811,1205,851,1169,851
1851,2036,1877,2036,1877,2070,1851,2070
1176,3172,1208,3172,1208,3209,1176,3209
2348,2991,2371,2991,2371,3029,2348,3029
665,2587,681,2587,681,2626,665,2626
1170,734,1200,734,1200,757,1170,757
728,3171,764,3171,764,3204,728,3204
1907,2866,1949,2866,1949,2908,1907,2908
1386,1120,1419,1120,1419,1152,1386,1152
1845,2216,1876,2216,1876,2253,1845,2253
658,1557,676,1557,676,1596,658,1596
434,462,469,462,469,497,434,497
872,1163,905,1163,905,1194,872,1194
2000,1904,2017,1904,2017,1944,2000,1944
972,2992,993,2992,993,3008,972,3008
1182,3218,1205,3218,1205,3250,1182,3250
2346,2909,2372,2909,2372,2945,2346,2945
2342,3258,2366,3258,2366,3294,2342,3294
1388,817,1425,817,1425,848,1388,848
805,1003,830,1003,830,1029,805,1029
1551,2133,1582,2133,1582,2170,1551,2170
665,1941,682,1941,682,1983,665,1983
807,1358,824,1358,824,1401,807,1401
806,1504,823,1504,823,1544,806,1544
1837,3132,1865,3132,1865,3168,1837,3168
2380,829,2407,829,2407,875,2380,875
808,3157,822,3157,822,3196,808,3196
885,723,904,723,904,764,885,764
1027,1088,1052,1088,1052,1113,1027,1113
804,460,827,460,827,502,804,502
1324,640,1346,640,1346,678,1324,678
440,1466,458,1466,458,1506,440,1506
507,1993,550,1993,550,2007,507,2007
2369,1073,2403,1073,2403,1117,2369,1117
2345,3082,2369,3082,2369,3116,2345,3116
247,830,294,830,294,868,247,868
1022,505,1057,505,1057,546,1022,546
1333,2739,1355,2739,1355,2779,1333,2779
740,2072,760,2072,760,2117,740,2117
2370,1155,2402,1155,2402,1195,2370,1195
879,1530,899,1530,899,1574,879,1574
2354,2296,2382,2296,2382,2336,2354,2336
1385,735,1428,735,1428,749,1385,749
1111,2809,1134,2809,1134,2851,1111,2851
2063,3169,2079,3169,2079,3212,2063,3212
815,2567,833,2567,833,2607,815,2607
1188,2766,1205,2766,1205,2809,1188,2809
2345,3134,2368,3134,2368,3167,2345,3167
1698,2082,1732,2082,1732,2112,1698,2112
439,1939,454,1939,454,1978,439,1978
512,1499,531,1499,531,1540,512,1540
244,3136,289,3136,289,3157,244,3157
1104,1071,1122,1071,1122,1114,1104,1114
877,1073,911,1073,911,1109,877,1109
1246,1174,1272,1174,1272,1207,1246,1207
1257,2040,1293,2040,1293,2072,1257,2072
1326,549,1348,549,1348,590,1326,590
1622,2782,1649,2782,1649,2815,1622,2815
1921,2296,1947,2296,1947,2328,1921,2328
667,2073,682,2073,682,2112,667,2112
2339,3037,2370,3037,2370,3075,2339,3075
1621,594,1641,594,1641,636,1621,636
734,1283,752,1283,752,1327,734,1327
1175,1043,1195,1043,1195,1087,1175,1087
1544,1171,1559,1171,1559,1212,1544,1212
1179,2262,1222,2262,1222,2277,1179,2277
1259,3213,1273,3213,1273,3256,1259,3256
525,1588,540,1588,540,1605,525,1605
1614,1822,1628,1822,1628,1864,1614,1864
2380,1769,2390,1769,2390,1806,2380,1806
1557,2606,1570,2606,1570,2645,1557,2645
2351,2723,2375,2723,2375,2763,2351,2763
450,807,469,807,469,825,450,825
1777,2781,1791,2781,1791,2819,1777,2819
515,2935,531,2935,531,2973,515,2973
367,2068,387,2068,387,2112,367,2112
1559,2175,1572,2175,1572,2213,1559,2213
1191,2380,1205,2380,1205,2422,1191,2422
885,1115,898,1115,898,1159,885,1159
598,3118,616,3118,616,3133,598,3133
972,2203,989,2203,989,2248,972,2248
1252,942,1271,942,1271,982,1252,982
1263,2885,1276,2885,1276,2924,1263,2924
1402,1072,1414,1072,1414,1112,1402,1112
593,851,607,851,607,892,593,892
595,1161,614,1161,614,1175,595,1175
1398,1461,1410,1461,1410,1504,1398,1504
747,2331,758,2331,758,2375,747,2375
1264,1034,1279,1034,1279,1049,1264,1049
349,1824,394,1824,394,1837,349,1837
