1143,1222,1190,1222,1190,1281,1143,1281
671,747,727,747,727,771,671,771
1587,999,1629,999,1629,1050,1587,1050
2732,1660,2779,1660,2779,1705,2732,1705
1940,1415,2004,1415,2004,1448,1940,1448
2101,925,2168,925,2168,989,2101,989
1485,888,1559,888,1559,946,1485,946
2618,1811,2659,1811,2659,1845,2618,1845
2255,227,2303,227,2303,284,2255,284
1314,242,1364,242,1364,300,1314,300
1941,1022,1998,1022,1998,1077,1941,1077
1496,1112,1555,1112,1555,1152,1496,1152
1573,1362,1630,1362,1630,1405,1573,1405
1936,960,1997,960,1997,1015,1936,1015
1939,1269,2002,1269,2002,1321,1939,1321
997,1506,1050,1506,1050,1544,997,1544
985,1456,1044,1456,1044,1502,985,1502
1484,1403,1546,1403,1546,1453,1484,1453
1663,1139,1716,1139,1716,1169,1663,1169
2041,1213,2076,1213,2076,1250,2041,1250
2122,1326,2168,1326,2168,1389,2122,1389
1401,952,1459,952,1459,993,1401,993
2827,1298,2867,1298,2867,1352,2827,1352
2051,1980,2092,1980,2092,2013,2051,2013
1768,1370,1829,1370,1829,1420,1768,1420
1573,1314,1628,1314,1628,1364,1573,1364
2026,979,2080,979,2080,1027,2026,1027
1569,1403,1635,1403,1635,1450,1569,1450
2027,1063,2081,1063,2081,1115,2027,1115
1944,1085,1990,1085,1990,1119,1944,1119
1321,1169,1375,1169,1375,1226,1321,1226
2119,1201,2169,1201,2169,1244,2119,1244
1665,241,1718,241,1718,288,1665,288
2120,1142,2165,1142,2165,1178,2120,1178
2118,1284,2170,1284,2170,1315,2118,1315
1771,1428,1822,1428,1822,1478,1771,1478
1859,1070,1916,1070,1916,1130,1859,1130
2030,1284,2074,1284,2074,1327,2030,1327
2119,1452,2174,1452,2174,1507,2119,1507
1492,1028,1543,1028,1543,1076,1492,1076
1661,1384,1712,1384,1712,1432,1661,1432
1865,1260,1920,1260,1920,1306,1865,1306
1866,1452,1916,1452,1916,1510,1866,1510
2137,237,2186,237,2186,285,2137,285
1902,235,1952,235,1952,287,1902,287
1663,1338,1711,1338,1711,1380,1663,1380
2118,1395,2173,1395,2173,1449,2118,1449
1777,1144,1821,1144,1821,1185,1777,1185
1667,1079,1714,1079,1714,1135,1667,1135
2113,1035,2163,1035,2163,1094,2113,1094
1548,240,1598,240,1598,290,1548,290
966,1383,1016,1383,1016,1424,966,1424
1781,235,1834,235,1834,290,1781,290
1432,243,1483,243,1483,296,1432,296
1946,1192,1996,1192,1996,1235,1946,1235
2024,916,2080,916,2080,974,2024,974
1779,1530,1823,1530,1823,1576,1779,1576
2038,1538,2092,1538,2092,1596,2038,1596
1664,1434,1707,1434,1707,1462,1664,1462
1411,896,1457,896,1457,948,1411,948
2036,1446,2092,1446,2092,1504,2036,1504
1771,1046,1821,1046,1821,1107,1771,1107
1864,1176,1909,1176,1909,1227,1864,1227
1788,1494,1816,1494,1816,1526,1788,1526
1855,1012,1912,1012,1912,1063,1855,1063
1942,1129,2000,1129,2000,1186,1942,1186
1770,968,1819,968,1819,1025,1770,1025
2209,319,2240,319,2240,356,2209,356
1486,1254,1542,1254,1542,1317,1486,1317
1410,1062,1451,1062,1451,1086,1410,1086
2456,1612,2482,1612,2482,1642,2456,1642
1402,1375,1454,1375,1454,1419,1402,1419
1773,1323,1820,1323,1820,1364,1773,1364
1482,1503,1539,1503,1539,1546,1482,1546
2128,1509,2166,1509,2166,1544,2128,1544
1949,1326,1994,1326,1994,1369,1949,1369
1494,1367,1533,1367,1533,1401,1494,1401
1871,1406,1908,1406,1908,1442,1871,1442
2122,1546,2172,1546,2172,1593,2122,1593
1577,1156,1632,1156,1632,1212,1577,1212
1780,1195,1816,1195,1816,1226,1780,1226
1778,1116,1812,1116,1812,1135,1778,1135
1667,1172,1717,1172,1717,1219,1667,1219
1572,1106,1614,1106,1614,1149,1572,1149
1492,1453,1545,1453,1545,1497,1492,1497
1325,1451,1363,1451,1363,1485,1325,1485
2041,1165,2074,1165,2074,1209,2041,1209
1866,1132,1908,1132,1908,1170,1866,1170
1885,1519,1910,1519,1910,1579,1885,1579
1323,1268,1376,1268,1376,1332,1323,1332
1858,908,1906,908,1906,969,1858,969
1570,1258,1627,1258,1627,1310,1570,1310
1866,1310,1916,1310,1916,1362,1866,1362
2020,238,2066,238,2066,279,2020,279
2121,993,2154,993,2154,1027,2121,1027
1502,1187,1546,1187,1546,1202,1502,1202
2120,1105,2155,1105,2155,1126,2120,1126
1660,1506,1714,1506,1714,1563,1660,1563
2037,1330,2078,1330,2078,1365,2037,1365
2143,2337,2179,2337,2179,2361,2143,2361
2784,610,2809,610,2809,639,2784,639
2047,1511,2079,1511,2079,1529,2047,1529
1333,1486,1356,1486,1356,1554,1333,1554
1322,1354,1365,1354,1365,1389,1322,1389
1946,909,1976,909,1976,952,1946,952
1570,1451,1627,1451,1627,1500,1570,1500
1959,1376,1982,1376,1982,1409,1959,1409
1407,1258,1438,1258,1438,1289,1407,1289
1675,963,1710,963,1710,1000,1675,1000
2520,2333,2556,2333,2556,2362,2520,2362
1422,1092,1455,1092,1455,1130,1422,1130
2045,1130,2070,1130,2070,1161,2045,1161
1868,975,1900,975,1900,1002,1868,1002
1679,918,1709,918,1709,958,1679,958
1573,1500,1607,1500,1607,1543,1573,1543
690,1095,729,1095,729,1165,690,1165
1502,1154,1534,1154,1534,1185,1502,1185
1809,319,1841,319,1841,352,1809,352
1670,1284,1701,1284,1701,1337,1670,1337
1410,1134,1445,1134,1445,1179,1410,1179
2273,2336,2309,2336,2309,2364,2273,2364
1416,1185,1441,1185,1441,1212,1416,1212
1331,1409,1364,1409,1364,1448,1331,1448
1959,1449,1988,1449,1988,1468,1959,1468
1331,326,1362,326,1362,361,1331,361
1505,1330,1526,1330,1526,1363,1505,1363
2673,2348,2721,2348,2721,2363,2673,2363
1783,911,1804,911,1804,963,1783,963
1645,2345,1686,2345,1686,2365,1645,2365
1328,979,1376,979,1376,1013,1328,1013
1582,1064,1607,1064,1607,1098,1582,1098
1154,1284,1199,1284,1199,1319,1154,1319
1404,1510,1446,1510,1446,1552,1404,1552
1663,1252,1730,1252,1730,1275,1663,1275
1769,1275,1824,1275,1824,1317,1769,1317
1958,1541,1999,1541,1999,1584,1958,1584
2627,1865,2661,1865,2661,1898,2627,1898
1876,1368,1901,1368,1901,1397,1876,1397
1101,1269,1131,1269,1131,1304,1101,1304
1331,1120,1356,1120,1356,1165,1331,1165
2038,1032,2067,1032,2067,1058,2038,1058
1678,1465,1694,1465,1694,1503,1678,1503
1512,988,1531,988,1531,1021,1512,1021
1517,1082,1537,1082,1537,1110,1517,1110
1055,1298,1081,1298,1081,1342,1055,1342
1853,400,1878,400,1878,430,1853,430
1597,942,1616,942,1616,996,1597,996
2872,729,2899,729,2899,758,2872,758
956,1324,1003,1324,1003,1377,956,1377
1682,1027,1699,1027,1699,1072,1682,1072
2391,2335,2426,2335,2426,2362,2391,2362
2027,2342,2061,2342,2061,2360,2027,2360
1730,398,1759,398,1759,436,1730,436
2688,896,2728,896,2728,927,2688,927
2855,499,2883,499,2883,514,2855,514
1405,1294,1434,1294,1434,1333,1405,1333
1513,955,1527,955,1527,991,1513,991
1733,320,1762,320,1762,352,1733,352
1778,2347,1822,2347,1822,2361,1778,2361
1023,1588,1070,1588,1070,1623,1023,1623
