1999,2014,2070,2014,2070,2082,1999,2082
857,868,929,868,929,936,857,936
1491,1636,1740,1636,1740,1784,1491,1784
768,447,868,447,868,550,768,550
983,2496,1053,2496,1053,2568,983,2568
1997,1173,2068,1173,2068,1241,1997,1241
1998,1404,2070,1404,2070,1464,1998,1464
264,1989,315,1989,315,2041,264,2041
1534,1370,1756,1370,1756,1563,1534,1563
859,720,930,720,930,788,859,788
1999,1030,2070,1030,2070,1094,1999,1094
861,3076,930,3076,930,3147,861,3147
1998,1331,2071,1331,2071,1399,1998,1399
2001,2091,2071,2091,2071,2152,2001,2152
1133,1886,1268,1886,1268,2016,1133,2016
863,1704,930,1704,930,1772,863,1772
983,1964,1053,1964,1053,2033,983,2033
1002,1813,1036,1813,1036,1878,1002,1878
1131,1601,1343,1601,1343,1791,1131,1791
989,1741,1038,1741,1038,1803,989,1803
1818,760,1932,760,1932,875,1818,875
1484,440,1593,440,1593,548,1484,548
992,762,1090,762,1090,876,992,876
381,1063,417,1063,417,1100,381,1100
1878,1514,1948,1514,1948,1584,1878,1584
1888,2027,1943,2027,1943,2044,1888,2044
2004,2851,2072,2851,2072,2910,2004,2910
344,2966,386,2966,386,3002,344,3002
1998,1866,2067,1866,2067,1923,1998,1923
2005,2622,2066,2622,2066,2678,2005,2678
1887,2665,1945,2665,1945,2685,1887,2685
667,1774,707,1774,707,1811,667,1811
1876,2283,1952,2283,1952,2351,1876,2351
1880,2364,1952,2364,1952,2427,1880,2427
255,2894,331,2894,331,2977,255,2977
249,3156,331,3156,331,3236,249,3236
936,3152,1000,3152,1000,3221,936,3221
2000,2544,2072,2544,2072,2611,2000,2611
863,1778,934,1778,934,1848,863,1848
344,3017,388,3017,388,3057,344,3057
1888,1591,1940,1591,1940,1610,1888,1610
864,1411,929,1411,929,1467,864,1467
866,1870,927,1870,927,1924,866,1924
2000,1941,2069,1941,2069,2004,2000,2004
1087,2664,1158,2664,1158,2733,1087,2733
1880,2439,1952,2439,1952,2507,1880,2507
254,3025,329,3025,329,3107,254,3107
294,632,365,632,365,704,294,704
982,2728,1052,2728,1052,2794,982,2794
1087,2743,1160,2743,1160,2809,1087,2809
860,3156,925,3156,925,3224,860,3224
612,1014,652,1014,652,1049,612,1049
981,2118,1053,2118,1053,2185,981,2185
982,2267,1051,2267,1051,2336,982,2336
982,2648,1054,2648,1054,2718,982,2718
1469,1895,1543,1895,1543,1964,1469,1964
1089,3152,1155,3152,1155,3222,1089,3222
1167,3154,1230,3154,1230,3223,1167,3223
1880,2058,1951,2058,1951,2122,1880,2122
1772,3151,1840,3151,1840,3222,1772,3222
1881,2516,1945,2516,1945,2576,1881,2576
1880,1359,1950,1359,1950,1426,1880,1426
1880,2591,1951,2591,1951,2652,1880,2652
688,633,751,633,751,704,688,704
985,1892,1050,1892,1050,1955,985,1955
1244,649,1305,649,1305,712,1244,712
984,2877,1049,2877,1049,2942,984,2942
862,2392,931,2392,931,2456,862,2456
1998,1102,2067,1102,2067,1166,1998,1166
1620,1895,1692,1895,1692,1963,1620,1963
1850,3150,1918,3150,1918,3221,1850,3221
1089,2441,1155,2441,1155,2507,1089,2507
1392,3153,1460,3153,1460,3225,1392,3225
1320,3154,1382,3154,1382,3223,1320,3223
860,796,930,796,930,861,860,861
1926,3149,1992,3149,1992,3222,1926,3222
2001,2397,2070,2397,2070,2457,2001,2457
865,2621,931,2621,931,2684,865,2684
1998,3151,2076,3151,2076,3221,1998,3221
1858,1283,1897,1283,1897,1315,1858,1315
1102,2306,1157,2306,1157,2354,1102,2354
681,1944,737,1944,737,1991,681,1991
1793,2160,1845,2160,1845,2210,1793,2210
1099,2186,1156,2186,1156,2242,1099,2242
1095,2596,1154,2596,1154,2653,1095,2653
985,2198,1050,2198,1050,2260,985,2260
1280,2772,1335,2772,1335,2821,1280,2821
1544,2131,1595,2131,1595,2182,1544,2182
1893,3046,1946,3046,1946,3063,1893,3063
1879,2134,1947,2134,1947,2203,1879,2203
983,1434,1050,1434,1050,1499,983,1499
1195,3059,1249,3059,1249,3111,1195,3111
983,2573,1052,2573,1052,2640,983,2640
264,820,317,820,317,873,264,873
994,1516,1051,1516,1051,1573,994,1573
1890,1617,1943,1617,1943,1669,1890,1669
1602,2160,1656,2160,1656,2210,1602,2210
1888,2692,1941,2692,1941,2744,1888,2744
1890,1792,1941,1792,1941,1838,1890,1838
1430,2190,1482,2190,1482,2237,1430,2237
1284,3002,1330,3002,1330,3049,1284,3049
863,1638,933,1638,933,1697,863,1697
746,336,799,336,799,392,746,392
989,2352,1046,2352,1046,2413,989,2413
1855,644,1912,644,1912,712,1855,712
1793,2245,1846,2245,1846,2295,1793,2295
1548,2305,1599,2305,1599,2358,1548,2358
1429,2419,1482,2419,1482,2472,1429,2472
997,1594,1039,1594,1039,1648,997,1648
983,1660,1050,1660,1050,1732,983,1732
1697,3151,1765,3151,1765,3222,1697,3222
314,1280,356,1280,356,1318,314,1318
1885,2209,1949,2209,1949,2277,1885,2277
861,1482,930,1482,930,1548,861,1548
1467,3152,1535,3152,1535,3224,1467,3224
2000,2474,2071,2474,2071,2533,2000,2533
436,1208,479,1208,479,1248,436,1248
1012,3155,1080,3155,1080,3223,1012,3223
422,632,489,632,489,700,422,700
865,1565,932,1565,932,1623,865,1623
2005,637,2076,637,2076,700,2005,700
862,2322,931,2322,931,2385,862,2385
264,2076,320,2076,320,2129,264,2129
1610,3060,1662,3060,1662,3115,1610,3115
269,2165,321,2165,321,2213,269,2213
1886,1679,1942,1679,1942,1726,1886,1726
382,719,431,719,431,762,382,762
1547,2981,1599,2981,1599,3034,1547,3034
1491,2543,1538,2543,1538,2582,1491,2582
1560,338,1613,338,1613,388,1560,388
1893,2753,1945,2753,1945,2803,1893,2803
1088,2968,1157,2968,1157,3038,1088,3038
1089,2515,1158,2515,1158,2584,1089,2584
343,3126,388,3126,388,3163,343,3163
1601,2071,1656,2071,1656,2127,1601,2127
1432,2308,1477,2308,1477,2348,1432,2348
1553,2598,1600,2598,1600,2647,1553,2647
685,896,732,896,732,929,685,929
1374,2983,1423,2983,1423,3033,1374,3033
697,819,747,819,747,869,697,869
1676,331,1728,331,1728,388,1676,388
1546,2075,1592,2075,1592,2123,1546,2123
1547,2826,1603,2826,1603,2879,1547,2879
575,822,625,822,625,871,575,871
1105,2132,1155,2132,1155,2182,1105,2182
1545,2246,1595,2246,1595,2296,1545,2296
1281,2945,1333,2945,1333,2995,1281,2995
1549,2477,1596,2477,1596,2535,1549,2535
1791,2421,1846,2421,1846,2476,1791,2476
1890,2929,1940,2929,1940,2976,1890,2976
381,1612,423,1612,423,1654,381,1654
409,818,462,818,462,874,409,874
1604,2418,1657,2418,1657,2473,1604,2473
1277,2187,1328,2187,1328,2238,1277,2238
732,1620,772,1620,772,1659,732,1659
462,2350,505,2350,505,2391,462,2391
1888,1964,1941,1964,1941,2018,1888,2018
1192,2946,1246,2946,1246,2998,1192,2998
512,2133,556,2133,556,2175,512,2175
1610,2827,1660,2827,1660,2877,1610,2877
1279,2476,1332,2476,1332,2531,1279,2531
338,826,388,826,388,870,338,870
249,1118,289,1118,289,1154,249,1154
1750,2876,1792,2876,1792,2921,1750,2921
1374,2312,1421,2312,1421,2351,1374,2351
989,2046,1048,2046,1048,2104,989,2104
716,1439,754,1439,754,1476,716,1476
1604,2904,1660,2904,1660,2960,1604,2960
563,1806,604,1806,604,1845,563,1845
1665,2540,1700,2540,1700,2570,1665,2570
1368,2071,1419,2071,1419,2125,1368,2125
1605,2336,1657,2336,1657,2385,1605,2385
517,1294,559,1294,559,1331,517,1331
1699,1892,1772,1892,1772,1962,1699,1962
1887,1731,1942,1731,1942,1787,1887,1787
1371,2248,1424,2248,1424,2299,1371,2299
380,1527,421,1527,421,1566,380,1566
1278,2073,1323,2073,1323,2125,1278,2125
1330,334,1381,334,1381,384,1330,384
977,338,1027,338,1027,390,977,390
249,946,288,946,288,980,249,980
592,898,650,898,650,930,592,930
1097,2819,1156,2819,1156,2883,1097,2883
249,987,290,987,290,1026,249,1026
1796,2336,1845,2336,1845,2383,1796,2383
764,1380,805,1380,805,1415,764,1415
249,1525,290,1525,290,1568,249,1568
618,720,669,720,669,769,618,769
774,2175,815,2175,815,2213,774,2213
1190,3004,1246,3004,1246,3053,1190,3053
345,3184,385,3184,385,3226,345,3226
1280,2829,1331,2829,1331,2877,1280,2877
1551,2536,1596,2536,1596,2589,1551,2589
983,2421,1054,2421,1054,2492,983,2492
599,2304,640,2304,640,2347,599,2347
629,341,681,341,681,387,629,387
272,2481,313,2481,313,2521,272,2521
1605,2249,1656,2249,1656,2296,1605,2296
664,1469,705,1469,705,1506,664,1506
1747,2127,1788,2127,1788,2169,1747,2169
1751,2582,1787,2582,1787,2612,1751,2612
1625,3154,1688,3154,1688,3224,1625,3224
1195,2247,1241,2247,1241,2295,1195,2295
991,2803,1047,2803,1047,2867,991,2867
440,1516,477,1516,477,1531,440,1531
250,1363,290,1363,290,1405,250,1405
1370,2190,1421,2190,1421,2237,1370,2237
1627,642,1689,642,1689,713,1627,713
1892,2982,1946,2982,1946,3033,1892,3033
1702,642,1765,642,1765,711,1702,711
727,1313,770,1313,770,1354,727,1354
1548,3060,1600,3060,1600,3112,1548,3112
1998,2321,2069,2321,2069,2386,1998,2386
2004,2779,2072,2779,2072,2838,2004,2838
867,2549,924,2549,924,2611,867,2611
1893,2867,1941,2867,1941,2921,1893,2921
1191,2421,1244,2421,1244,2474,1191,2474
347,2093,388,2093,388,2131,347,2131
643,2349,682,2349,682,2388,643,2388
1484,2306,1540,2306,1540,2356,1484,2356
1749,2619,1790,2619,1790,2659,1749,2659
314,1120,355,1120,355,1157,314,1157
596,1313,639,1313,639,1352,596,1352
1547,2191,1593,2191,1593,2237,1547,2237
1191,2072,1239,2072,1239,2119,1191,2119
1890,2807,1941,2807,1941,2860,1890,2860
665,1861,707,1861,707,1901,665,1901
269,2806,311,2806,311,2846,269,2846
346,2136,389,2136,389,2175,346,2175
519,1210,559,1210,559,1245,519,1245
1432,2913,1484,2913,1484,2956,1432,2956
1285,2601,1329,2601,1329,2646,1285,2646
1889,1908,1940,1908,1940,1956,1889,1956
688,2305,728,2305,728,2347,688,2347
1105,2363,1156,2363,1156,2416,1105,2416
1105,2247,1153,2247,1153,2294,1105,2294
1279,2653,1333,2653,1333,2703,1279,2703
440,1141,476,1141,476,1157,440,1157
272,2318,313,2318,313,2358,272,2358
981,1360,1047,1360,1047,1425,981,1425
313,944,353,944,353,983,313,983
345,2613,387,2613,387,2652,345,2652
603,2176,642,2176,642,2217,603,2217
1280,2132,1322,2132,1322,2178,1280,2178
1705,2362,1747,2362,1747,2399,1705,2399
437,1470,477,1470,477,1510,437,1510
272,2425,314,2425,314,2465,272,2465
313,1363,355,1363,355,1404,313,1404
1199,2892,1242,2892,1242,2937,1199,2937
1436,3058,1482,3058,1482,3110,1436,3110
688,2218,728,2218,728,2258,688,2258
1752,2664,1789,2664,1789,2700,1752,2700
313,1483,355,1483,355,1522,313,1522
864,336,916,336,916,386,864,386
440,1166,478,1166,478,1201,440,1201
666,1686,705,1686,705,1724,666,1724
346,2396,386,2396,386,2434,346,2434
773,2303,816,2303,816,2343,773,2343
436,1340,477,1340,477,1377,436,1377
1280,2363,1325,2363,1325,2411,1280,2411
1093,2892,1152,2892,1152,2961,1093,2961
612,1379,652,1379,652,1420,612,1420
1705,2491,1745,2491,1745,2532,1705,2532
773,2435,816,2435,816,2475,773,2475
1100,3049,1138,3049,1138,3109,1100,3109
380,1002,419,1002,419,1042,380,1042
559,2046,597,2046,597,2084,559,2084
251,1861,292,1861,292,1901,251,1901
436,1076,477,1076,477,1114,436,1114
1375,2828,1427,2828,1427,2882,1375,2882
522,1515,560,1515,560,1555,522,1555
1660,2128,1702,2128,1702,2169,1660,2169
468,2692,507,2692,507,2729,468,2729
503,1945,550,1945,550,1996,503,1996
436,1253,478,1253,478,1291,436,1291
272,2588,313,2588,313,2628,272,2628
561,1861,603,1861,603,1902,561,1902
273,2262,313,2262,313,2303,273,2303
316,1773,357,1773,357,1814,316,1814
1752,2836,1790,2836,1790,2874,1752,2874
718,1686,758,1686,758,1722,718,1722
1194,2303,1237,2303,1237,2356,1194,2356
442,1644,480,1644,480,1682,442,1682
1285,2719,1328,2719,1328,2765,1285,2765
616,1687,656,1687,656,1726,616,1726
563,1077,602,1077,602,1120,563,1120
766,1859,809,1859,809,1901,766,1901
379,1298,419,1298,419,1340,379,1340
317,1864,356,1864,356,1899,317,1899
462,2049,504,2049,504,2085,462,2085
636,3127,674,3127,674,3163,636,3163
768,1686,808,1686,808,1723,768,1723
522,1645,560,1645,560,1687,522,1687
768,2824,805,2824,805,2863,768,2863
1663,2708,1705,2708,1705,2749,1663,2749
1700,2317,1745,2317,1745,2358,1700,2358
778,2352,815,2352,815,2385,778,2385
1427,2072,1479,2072,1479,2123,1427,2123
1705,2126,1743,2126,1743,2169,1705,2169
614,1557,656,1557,656,1597,614,1597
603,2443,639,2443,639,2476,603,2476
465,2229,498,2229,498,2258,465,2258
558,2483,594,2483,594,2518,558,2518
1749,2791,1791,2791,1791,2831,1749,2831
1492,2593,1546,2593,1546,2648,1492,2648
1278,2540,1330,2540,1330,2584,1278,2584
1193,2712,1243,2712,1243,2761,1193,2761
560,2220,597,2220,597,2259,560,2259
1212,334,1262,334,1262,385,1212,385
1289,2886,1327,2886,1327,2935,1289,2935
642,2480,684,2480,684,2522,642,2522
1107,2081,1147,2081,1147,2126,1107,2126
720,3173,761,3173,761,3205,720,3205
1748,2531,1789,2531,1789,2571,1748,2571
515,1427,562,1427,562,1469,515,1469
317,1075,352,1075,352,1112,317,1112
647,2443,682,2443,682,2475,647,2475
518,1250,559,1250,559,1292,518,1292
611,1247,653,1247,653,1286,611,1286
1277,2250,1329,2250,1329,2299,1277,2299
562,1432,601,1432,601,1476,562,1476
422,2095,461,2095,461,2133,422,2133
471,3040,508,3040,508,3074,471,3074
558,2647,596,2647,596,2686,558,2686
345,2742,385,2742,385,2785,345,2785
1492,2253,1535,2253,1535,2299,1492,2299
767,2692,808,2692,808,2729,767,2729
520,1731,560,1731,560,1771,520,1771
642,2088,686,2088,686,2128,642,2128
520,988,558,988,558,1029,520,1029
515,2047,552,2047,552,2083,515,2083
688,2174,726,2174,726,2213,688,2213
1196,2776,1246,2776,1246,2820,1196,2820
448,2560,488,2560,488,2597,448,2597
716,1249,748,1249,748,1289,716,1289
1552,2368,1587,2368,1587,2414,1552,2414
491,2561,528,2561,528,2600,491,2600
437,1429,477,1429,477,1465,437,1465
731,2047,771,2047,771,2085,731,2085
773,2219,814,2219,814,2259,773,2259
643,2047,686,2047,686,2084,643,2084
1195,2133,1240,2133,1240,2178,1195,2178
465,2089,504,2089,504,2131,465,2131
556,3168,594,3168,594,3206,556,3206
1663,2666,1703,2666,1703,2700,1663,2700
313,990,353,990,353,1026,313,1026
745,2562,785,2562,785,2601,745,2601
1244,3155,1308,3155,1308,3223,1244,3223
515,2693,548,2693,548,2728,515,2728
516,2266,554,2266,554,2303,516,2303
517,1337,558,1337,558,1377,517,1377
560,1381,601,1381,601,1418,560,1418
250,1032,289,1032,289,1071,250,1071
1281,2305,1326,2305,1326,2352,1281,2352
716,1804,755,1804,755,1836,716,1836
766,1074,804,1074,804,1116,766,1116
712,944,753,944,753,983,712,983
464,2176,503,2176,503,2216,464,2216
611,944,652,944,652,985,611,985
718,1498,755,1498,755,1534,718,1534
564,1691,604,1691,604,1729,564,1729
379,1862,422,1862,422,1902,379,1902
345,3070,387,3070,387,3112,345,3112
1198,2541,1241,2541,1241,2588,1198,2588
347,2470,383,2470,383,2507,347,2507
596,2480,640,2480,640,2519,596,2519
253,1485,288,1485,288,1518,253,1518
516,2308,553,2308,553,2345,516,2345
512,2776,552,2776,552,2817,512,2817
1550,2424,1598,2424,1598,2473,1550,2473
689,2087,729,2087,729,2125,689,2125
514,2222,553,2222,553,2259,514,2259
1489,2481,1541,2481,1541,2530,1489,2530
598,2394,643,2394,643,2434,598,2434
766,1552,809,1552,809,1593,766,1593
382,1674,420,1674,420,1707,382,1707
560,2737,594,2737,594,2770,560,2770
717,1075,753,1075,753,1115,717,1115
421,2050,460,2050,460,2086,421,2086
1665,2751,1699,2751,1699,2790,1665,2790
716,1554,759,1554,759,1593,716,1593
254,1570,287,1570,287,1604,254,1604
274,1176,308,1176,308,1218,274,1218
382,1731,421,1731,421,1767,382,1767
437,1385,475,1385,475,1423,437,1423
348,2268,385,2268,385,2304,348,2304
1208,2595,1243,2595,1243,2648,1208,2648
447,1693,481,1693,481,1725,447,1725
636,2950,679,2950,679,2989,636,2989
562,1012,601,1012,601,1051,562,1051
249,1236,289,1236,289,1274,249,1274
1658,2173,1701,2173,1701,2206,1658,2206
1462,1557,1499,1557,1499,1593,1462,1593
633,3172,677,3172,677,3206,633,3206
614,1164,650,1164,650,1203,614,1203
514,3083,550,3083,550,3116,514,3116
437,1296,478,1296,478,1332,437,1332
1752,2490,1788,2490,1788,2529,1752,2529
557,2776,597,2776,597,2818,557,2818
703,2560,742,2560,742,2599,703,2599
612,1504,652,1504,652,1534,612,1534
662,944,700,944,700,984,662,984
633,2996,676,2996,676,3029,633,3029
379,1484,421,1484,421,1522,379,1522
1192,2481,1245,2481,1245,2528,1192,2528
1895,1851,1938,1851,1938,1898,1895,1898
379,1366,420,1366,420,1406,379,1406
869,2782,923,2782,923,2836,869,2836
1928,641,1997,641,1997,713,1928,713
865,1939,930,1939,930,1997,865,1997
555,638,622,638,622,702,555,702
2001,1481,2070,1481,2070,1538,2001,1538
535,2560,573,2560,573,2599,535,2599
1371,2362,1425,2362,1425,2415,1371,2415
613,1077,653,1077,653,1117,613,1117
663,1380,703,1380,703,1417,663,1417
357,1176,395,1176,395,1215,357,1215
775,2086,813,2086,813,2128,775,2128
358,1424,398,1424,398,1465,358,1465
271,2699,313,2699,313,2736,271,2736
275,1424,309,1424,309,1464,275,1464
722,3128,761,3128,761,3165,722,3165
252,1677,289,1677,289,1709,252,1709
1201,2370,1235,2370,1235,2412,1201,2412
642,2264,685,2264,685,2301,642,2301
1372,2904,1427,2904,1427,2956,1372,2956
1665,2628,1700,2628,1700,2660,1665,2660
466,2265,500,2265,500,2302,466,2302
345,2540,386,2540,386,2582,345,2582
347,2182,387,2182,387,2220,347,2220
515,2179,550,2179,550,2215,515,2215
345,2807,386,2807,386,2850,345,2850
562,1556,604,1556,604,1597,562,1597
270,2750,312,2750,312,2793,270,2793
519,1033,557,1033,557,1070,519,1070
442,1556,479,1556,479,1597,442,1597
319,1819,354,1819,354,1853,319,1853
1284,2429,1328,2429,1328,2467,1284,2467
250,1075,287,1075,287,1112,250,1112
315,1613,357,1613,357,1654,315,1654
1804,2072,1835,2072,1835,2118,1804,2118
470,2735,506,2735,506,2770,470,2770
1433,2984,1484,2984,1484,3037,1433,3037
380,1237,420,1237,420,1274,380,1274
1199,2832,1235,2832,1235,2874,1199,2874
347,2873,385,2873,385,2911,347,2911
463,2133,502,2133,502,2171,463,2171
321,1730,355,1730,355,1766,321,1766
615,1805,655,1805,655,1842,615,1842
649,2176,681,2176,681,2214,649,2214
736,2135,768,2135,768,2173,736,2173
318,1321,356,1321,356,1358,318,1358
1374,1680,1413,1680,1413,1721,1374,1721
1492,2422,1540,2422,1540,2471,1492,2471
1196,2192,1239,2192,1239,2237,1196,2237
566,1743,602,1743,602,1785,566,1785
1433,2133,1479,2133,1479,2178,1433,2178
662,2552,690,2552,690,2596,662,2596
558,3212,595,3212,595,3254,558,3254
1750,2316,1788,2316,1788,2356,1750,2356
1665,2451,1701,2451,1701,2489,1665,2489
775,2048,814,2048,814,2084,775,2084
1604,2981,1661,2981,1661,3034,1604,3034
715,1859,758,1859,758,1901,715,1901
314,1030,356,1030,356,1071,314,1071
338,1672,374,1672,374,1711,338,1711
765,3081,806,3081,806,3121,765,3121
522,1470,553,1470,553,1510,522,1510
426,2649,465,2649,465,2686,426,2686
559,2395,597,2395,597,2433,559,2433
521,1081,554,1081,554,1116,521,1116
1547,2905,1601,2905,1601,2956,1547,2956
1752,2754,1783,2754,1783,2784,1752,2784
427,2776,463,2776,463,2816,427,2816
514,2738,550,2738,550,2772,514,2772
515,3039,552,3039,552,3074,515,3074
471,2647,506,2647,506,2684,471,2684
1663,2576,1703,2576,1703,2619,1663,2619
429,3085,464,3085,464,3119,429,3119
1562,2654,1598,2654,1598,2707,1562,2707
352,2311,387,2311,387,2348,352,2348
527,1694,559,1694,559,1725,527,1725
521,1559,556,1559,556,1598,521,1598
280,2537,303,2537,303,2569,280,2569
251,1612,290,1612,290,1652,251,1652
778,2395,811,2395,811,2432,778,2432
1372,3058,1425,3058,1425,3111,1372,3111
1444,337,1491,337,1491,384,1444,384
691,2135,724,2135,724,2171,691,2171
641,2712,671,2712,671,2752,641,2752
620,1211,648,1211,648,1240,620,1240
562,1497,604,1497,604,1537,562,1537
419,2137,458,2137,458,2176,419,2176
387,893,433,893,433,927,387,927
1493,2654,1539,2654,1539,2706,1493,2706
1751,2708,1787,2708,1787,2746,1751,2746
515,2650,550,2650,550,2688,515,2688
470,2311,500,2311,500,2342,470,2342
1676,2793,1695,2793,1695,2833,1676,2833
466,2398,499,2398,499,2434,466,2434
718,1744,759,1744,759,1784,718,1784
770,2935,805,2935,805,2968,770,2968
619,1745,652,1745,652,1785,619,1785
1489,2130,1538,2130,1538,2184,1489,2184
429,3211,463,3211,463,3250,429,3250
688,2263,727,2263,727,2300,688,2300
472,3126,506,3126,506,3160,472,3160
349,2225,385,2225,385,2262,349,2262
515,3214,550,3214,550,3253,515,3253
1432,2828,1481,2828,1481,2880,1432,2880
645,2133,682,2133,682,2170,645,2170
1752,2445,1786,2445,1786,2485,1752,2485
1287,3065,1323,3065,1323,3108,1287,3108
692,2397,721,2397,721,2429,692,2429
271,2644,312,2644,312,2684,271,2684
465,2438,500,2438,500,2477,465,2477
1667,2496,1698,2496,1698,2534,1667,2534
726,3218,751,3218,751,3248,726,3248
603,2134,635,2134,635,2167,603,2167
1703,2271,1743,2271,1743,2313,1703,2313
1666,2406,1697,2406,1697,2441,1666,2441
430,3172,464,3172,464,3205,430,3205
1748,2270,1786,2270,1786,2313,1748,2313
770,2737,802,2737,802,2776,770,2776
602,1621,641,1621,641,1659,602,1659
1368,2130,1421,2130,1421,2181,1368,2181
515,3169,552,3169,552,3205,515,3205
521,1119,557,1119,557,1159,521,1159
563,2136,594,2136,594,2172,563,2172
663,1555,707,1555,707,1595,663,1595
685,3217,708,3217,708,3248,685,3248
776,2135,810,2135,810,2172,776,2172
730,2870,755,2870,755,2901,730,2901
428,3126,464,3126,464,3161,428,3161
691,2482,724,2482,724,2520,691,2520
255,1730,288,1730,288,1767,255,1767
1494,2076,1531,2076,1531,2118,1494,2118
634,2653,680,2653,680,2685,634,2685
562,2308,589,2308,589,2342,562,2342
470,2777,510,2777,510,2817,470,2817
679,3129,715,3129,715,3164,679,3164
523,1169,555,1169,555,1202,523,1202
603,2091,638,2091,638,2126,603,2126
557,3083,593,3083,593,3117,557,3117
1492,2192,1534,2192,1534,2235,1492,2235
687,2870,710,2870,710,2900,687,2900
665,1075,703,1075,703,1116,665,1116
617,1439,648,1439,648,1477,617,1477
1429,2251,1480,2251,1480,2297,1429,2297
521,1604,557,1604,557,1641,521,1641
683,2714,715,2714,715,2756,683,2756
1197,2660,1238,2660,1238,2706,1197,2706
712,1165,755,1165,755,1197,712,1197
1753,2361,1784,2361,1784,2399,1753,2399
471,3170,508,3170,508,3201,471,3201
1780,642,1847,642,1847,712,1780,712
1856,1120,1903,1120,1903,1139,1856,1139
467,2484,497,2484,497,2517,467,2517
649,2222,681,2222,681,2257,649,2257
1704,2176,1746,2176,1746,2206,1704,2206
1747,2178,1788,2178,1788,2201,1747,2201
640,3215,664,3215,664,3249,640,3249
599,2359,638,2359,638,2381,599,2381
767,3021,805,3021,805,3036,767,3036
686,3043,709,3043,709,3074,686,3074
559,2694,596,2694,596,2730,559,2730
650,2394,682,2394,682,2432,650,2432
1249,3002,1279,3002,1279,3030,1249,3030
1175,643,1237,643,1237,711,1175,711
772,2979,795,2979,795,3008,772,3008
561,951,602,951,602,981,561,981
867,2704,935,2704,935,2764,867,2764
513,2098,553,2098,553,2123,513,2123
954,645,1006,645,1006,713,954,713
1485,1383,1616,1383,1616,1499,1485,1499
382,1120,420,1120,420,1154,382,1154
2006,2930,2074,2930,2074,2990,2006,2990
613,1861,655,1861,655,1902,613,1902
716,1380,755,1380,755,1417,716,1417
774,2478,815,2478,815,2519,774,2519
443,1730,479,1730,479,1767,443,1767
643,3040,665,3040,665,3070,643,3070
1496,2369,1531,2369,1531,2413,1496,2413
382,1572,421,1572,421,1609,382,1609
644,2306,683,2306,683,2346,644,2346
516,2353,550,2353,550,2390,516,2390
1094,335,1149,335,1149,389,1094,389
690,2353,723,2353,723,2388,690,2388
1555,1898,1607,1898,1607,1961,1555,1961
689,2436,728,2436,728,2476,689,2476
563,2091,591,2091,591,2127,563,2127
315,1234,355,1234,355,1273,315,1273
1417,1612,1439,1612,1439,1648,1417,1648
693,2044,726,2044,726,2083,693,2083
644,2866,667,2866,667,2897,644,2897
1657,2273,1700,2273,1700,2311,1657,2311
665,1619,705,1619,705,1659,665,1659
723,1211,748,1211,748,1239,723,1239
454,1603,471,1603,471,1638,454,1638
768,3042,804,3042,804,3078,768,3078
1752,2408,1782,2408,1782,2438,1752,2438
612,2220,633,2220,633,2260,612,2260
1665,2318,1696,2318,1696,2354,1665,2354
282,2381,305,2381,305,2401,282,2401
736,2092,763,2092,763,2128,736,2128
1708,2410,1743,2410,1743,2440,1708,2440
436,1033,476,1033,476,1072,436,1072
473,3210,507,3210,507,3251,473,3251
297,1673,329,1673,329,1711,297,1711
769,2782,804,2782,804,2813,769,2813
729,2714,758,2714,758,2756,729,2756
475,3084,507,3084,507,3116,475,3116
563,2177,595,2177,595,2215,563,2215
428,3042,464,3042,464,3074,428,3074
556,3127,594,3127,594,3163,556,3163
1706,2448,1746,2448,1746,2488,1706,2488
1158,2071,1183,2071,1183,2098,1158,2098
563,2265,591,2265,591,2300,563,2300
556,3040,595,3040,595,3077,556,3077
779,2266,812,2266,812,2301,779,2301
1159,2129,1185,2129,1185,2155,1159,2155
730,3044,753,3044,753,3076,730,3076
728,2951,762,2951,762,2992,728,2992
636,2804,676,2804,676,2834,636,2834
1761,2918,1779,2918,1779,2963,1761,2963
602,2272,638,2272,638,2293,602,2293
766,2896,805,2896,805,2923,766,2923
1434,2380,1477,2380,1477,2404,1434,2404
1316,648,1385,648,1385,712,1316,712
2004,3083,2073,3083,2073,3139,2004,3139
294,895,336,895,336,926,294,926
2003,2247,2070,2247,2070,2306,2003,2306
1664,2367,1699,2367,1699,2399,1664,2399
514,3126,552,3126,552,3161,514,3161
1883,1183,1909,1183,1909,1212,1883,1212
609,2049,629,2049,629,2082,609,2082
679,2656,731,2656,731,2683,679,2683
861,641,908,641,908,707,861,707
678,2952,716,2952,716,2989,678,2989
1824,1319,1858,1319,1858,1337,1824,1337
675,3174,720,3174,720,3203,675,3203
1472,641,1531,641,1531,708,1472,708
