1598,923,1651,923,1651,979,1598,979
1606,1219,1653,1219,1653,1264,1606,1264
1604,1338,1653,1338,1653,1378,1604,1378
1598,1040,1656,1040,1656,1094,1598,1094
887,3060,930,3060,930,3102,887,3102
2034,1888,2084,1888,2084,1936,2034,1936
2029,635,2073,635,2073,672,2029,672
445,2360,489,2360,489,2402,445,2402
2028,592,2074,592,2074,633,2028,633
443,2015,484,2015,484,2057,443,2057
443,2231,488,2231,488,2270,443,2270
2028,830,2075,830,2075,865,2028,865
889,3109,931,3109,931,3143,889,3143
223,2537,269,2537,269,2579,223,2579
2033,1740,2085,1740,2085,1793,2033,1793
1602,1618,1655,1618,1655,1674,1602,1674
239,1510,283,1510,283,1551,239,1551
1600,1155,1652,1155,1652,1207,1600,1207
5,2721,43,2721,43,2760,5,2760
1603,1396,1653,1396,1653,1442,1603,1442
1917,3026,1962,3026,1962,3066,1917,3066
1599,869,1648,869,1648,918,1599,918
1180,3168,1222,3168,1222,3207,1180,3207
1921,3195,1962,3195,1962,3246,1921,3246
672,609,727,609,727,659,672,659
1609,1564,1646,1564,1646,1609,1609,1609
1655,434,1709,434,1709,484,1655,484
1537,489,1593,489,1593,543,1537,543
789,894,847,894,847,951,789,951
1606,1503,1650,1503,1650,1558,1606,1558
1535,721,1593,721,1593,778,1535,778
432,603,488,603,488,657,432,657
447,2063,482,2063,482,2094,447,2094
1092,502,1143,502,1143,533,1092,533
1825,1653,1877,1653,1877,1693,1825,1693
1907,722,1962,722,1962,768,1907,768
1213,1593,1265,1593,1265,1642,1213,1642
1395,1533,1451,1533,1451,1585,1395,1585
1211,1359,1266,1359,1266,1410,1211,1410
853,839,906,839,906,890,853,890
377,958,428,958,428,1009,377,1009
1906,1244,1963,1244,1963,1296,1906,1296
1482,1246,1540,1246,1540,1295,1482,1295
1817,1010,1874,1010,1874,1063,1817,1063
219,724,276,724,276,774,219,774
552,1013,606,1013,606,1064,552,1064
1913,2904,1970,2904,1970,2957,1913,2957
1215,1650,1268,1650,1268,1702,1215,1702
319,1199,367,1199,367,1230,319,1230
1093,1768,1149,1768,1149,1817,1093,1817
1547,1767,1602,1767,1602,1819,1547,1819
1729,957,1783,957,1783,1003,1729,1003
1912,2728,1967,2728,1967,2777,1912,2777
1662,1764,1717,1764,1717,1816,1662,1816
1731,1015,1785,1015,1785,1063,1731,1063
311,490,367,490,367,543,311,543
154,1770,208,1770,208,1825,154,1825
375,901,427,901,427,950,375,950
489,1651,545,1651,545,1706,489,1706
1538,664,1592,664,1592,716,1538,716
1730,835,1786,835,1786,888,1730,888
1913,492,1966,492,1966,540,1913,540
1908,783,1964,783,1964,830,1908,830
1541,606,1592,606,1592,658,1541,658
1152,679,1204,679,1204,705,1152,705
318,1009,371,1009,371,1062,318,1062
608,604,661,604,661,659,608,659
851,1422,904,1422,904,1469,851,1469
493,1364,545,1364,545,1413,493,1413
1735,3120,1779,3120,1779,3142,1735,3142
1658,485,1713,485,1713,541,1658,541
1798,2036,1851,2036,1851,2089,1798,2089
1910,3074,1966,3074,1966,3129,1910,3129
220,608,276,608,276,658,220,658
490,1479,544,1479,544,1533,490,1533
1914,1858,1971,1858,1971,1910,1914,1910
1828,446,1874,446,1874,476,1828,476
1481,899,1535,899,1535,950,1481,950
1916,2556,1969,2556,1969,2607,1916,2607
1731,895,1783,895,1783,945,1731,945
221,2781,269,2781,269,2824,221,2824
1654,840,1710,840,1710,890,1654,890
317,836,371,836,371,892,317,892
1855,2558,1909,2558,1909,2606,1855,2606
1542,1358,1595,1358,1595,1413,1542,1413
371,1769,426,1769,426,1820,371,1820
492,1070,545,1070,545,1123,492,1123
371,1598,425,1598,425,1651,371,1651
1154,1130,1206,1130,1206,1181,1154,1181
853,610,903,610,903,658,853,658
154,438,211,438,211,488,154,488
549,1649,601,1649,601,1702,549,1702
1152,1070,1207,1070,1207,1125,1152,1125
732,1245,786,1245,786,1298,732,1298
676,894,731,894,731,948,676,948
1540,838,1591,838,1591,889,1540,889
1029,548,1084,548,1084,600,1029,600
488,661,546,661,546,718,488,718
491,549,539,549,539,599,491,599
492,1536,544,1536,544,1589,492,1589
1634,2790,1690,2790,1690,2844,1634,2844
1392,1478,1447,1478,1447,1529,1392,1529
221,663,275,663,275,716,221,716
1660,1416,1713,1416,1713,1469,1660,1469
4,1954,49,1954,49,1994,4,1994
1914,2497,1969,2497,1969,2549,1914,2549
1801,2389,1851,2389,1851,2429,1801,2429
1151,1475,1204,1475,1204,1527,1151,1527
1548,2091,1607,2091,1607,2146,1548,2146
786,1768,842,1768,842,1819,786,1819
1150,783,1201,783,1201,830,1150,830
1543,1076,1591,1076,1591,1118,1543,1118
437,841,488,841,488,893,437,893
432,1305,485,1305,485,1360,432,1360
548,777,605,777,605,835,548,835
1542,789,1592,789,1592,826,1542,826
1908,1011,1962,1011,1962,1063,1908,1063
156,669,210,669,210,720,156,720
677,1474,728,1474,728,1530,677,1530
1908,1479,1963,1479,1963,1527,1908,1527
1093,1013,1145,1013,1145,1068,1093,1068
1601,1098,1651,1098,1651,1147,1601,1147
1658,663,1709,663,1709,716,1658,716
221,784,274,784,274,834,221,834
152,1541,207,1541,207,1594,152,1594
1912,1534,1965,1534,1965,1583,1912,1583
1152,1420,1205,1420,1205,1468,1152,1468
1823,837,1874,837,1874,887,1823,887
226,2827,271,2827,271,2867,226,2867
1093,1491,1146,1491,1146,1518,1093,1518
1153,1300,1208,1300,1208,1356,1153,1356
433,665,483,665,483,718,433,718
225,2998,270,2998,270,3037,225,3037
791,605,844,605,844,659,791,659
732,1068,784,1068,784,1124,732,1124
1599,668,1651,668,1651,716,1599,716
2032,1592,2082,1592,2082,1647,2032,1647
310,548,365,548,365,601,310,601
375,1070,429,1070,429,1126,375,1126
1271,1765,1325,1765,1325,1818,1271,1818
435,1769,487,1769,487,1820,435,1820
1327,719,1381,719,1381,772,1327,772
433,1250,486,1250,486,1300,433,1300
1797,1982,1853,1982,1853,2033,1797,2033
1398,1594,1449,1594,1449,1641,1398,1641
371,1480,426,1480,426,1537,371,1537
1729,783,1781,783,1781,832,1729,832
1662,1590,1713,1590,1713,1641,1662,1641
494,1419,542,1419,542,1470,494,1470
1829,623,1872,623,1872,652,1829,652
432,1593,485,1593,485,1648,432,1648
217,1247,262,1247,262,1290,217,1290
1485,1478,1535,1478,1535,1527,1485,1527
1328,2824,1372,2824,1372,2863,1328,2863
1825,558,1867,558,1867,592,1825,592
1822,1476,1877,1476,1877,1521,1822,1521
1330,1592,1384,1592,1384,1643,1330,1643
793,1185,843,1185,843,1237,793,1237
1637,2440,1693,2440,1693,2496,1637,2496
909,1652,964,1652,964,1704,909,1704
374,1653,426,1653,426,1706,374,1706
432,1362,485,1362,485,1414,432,1414
1801,2211,1854,2211,1854,2256,1801,2256
375,1195,424,1195,424,1236,375,1236
1818,1182,1873,1182,1873,1238,1818,1238
154,1133,208,1133,208,1186,154,1186
317,1075,367,1075,367,1122,317,1122
-1,1998,44,1998,44,2039,-1,2039
675,836,728,836,728,890,675,890
376,1134,424,1134,424,1182,376,1182
1820,1246,1869,1246,1869,1290,1820,1290
1267,1246,1319,1246,1319,1292,1267,1292
1656,552,1708,552,1708,597,1656,597
319,963,364,963,364,1004,319,1004
154,1193,207,1193,207,1246,154,1246
605,1185,661,1185,661,1241,605,1241
431,498,480,498,480,539,431,539
1330,1653,1382,1653,1382,1702,1330,1702
1824,1597,1876,1597,1876,1643,1824,1643
610,492,655,492,655,539,610,539
1822,671,1870,671,1870,710,1822,710
1797,2674,1848,2674,1848,2726,1797,2726
495,959,540,959,540,1006,495,1006
372,1307,422,1307,422,1357,372,1357
373,1714,425,1714,425,1764,373,1764
218,1120,261,1120,261,1161,218,1161
1819,1074,1872,1074,1872,1119,1819,1119
1912,2611,1968,2611,1968,2667,1912,2667
1393,1190,1447,1190,1447,1238,1393,1238
376,3047,418,3047,418,3077,376,3077
675,778,726,778,726,830,675,830
428,432,482,432,482,488,428,488
966,662,1019,662,1019,717,966,717
1330,897,1378,897,1378,946,1330,946
608,1708,660,1708,660,1761,608,1761
553,1592,605,1592,605,1646,553,1646
979,1583,1024,1583,1024,1627,979,1627
490,1013,543,1013,543,1062,490,1062
1480,607,1531,607,1531,659,1480,659
847,1652,903,1652,903,1702,847,1702
792,954,846,954,846,1006,792,1006
1917,3134,1968,3134,1968,3187,1917,3187
1543,433,1594,433,1594,486,1543,486
850,1477,902,1477,902,1531,850,1531
1549,2036,1607,2036,1607,2085,1549,2085
792,1652,844,1652,844,1702,792,1702
220,2623,268,2623,268,2668,220,2668
1856,2864,1909,2864,1909,2887,1856,2887
1908,1129,1962,1129,1962,1176,1908,1176
1661,1015,1707,1015,1707,1063,1661,1063
674,546,726,546,726,601,674,601
1551,2267,1603,2267,1603,2319,1551,2319
376,1367,425,1367,425,1417,376,1417
1821,1300,1870,1300,1870,1354,1821,1354
238,1682,283,1682,283,1723,238,1723
1268,1419,1322,1419,1322,1468,1268,1468
1912,1417,1960,1417,1960,1465,1912,1465
1855,3025,1907,3025,1907,3073,1855,3073
491,1132,544,1132,544,1183,491,1183
237,1554,283,1554,283,1594,237,1594
155,1311,206,1311,206,1361,155,1361
1742,1778,1786,1778,1786,1818,1742,1818
966,779,1018,779,1018,832,966,832
1394,1014,1445,1014,1445,1063,1394,1063
552,1305,601,1305,601,1353,552,1353
966,605,1019,605,1019,657,966,657
226,3088,271,3088,271,3125,226,3125
908,1304,965,1304,965,1356,908,1356
848,1766,906,1766,906,1819,848,1819
1474,2729,1517,2729,1517,2768,1474,2768
314,440,360,440,360,479,314,479
1328,779,1378,779,1378,830,1328,830
845,430,898,430,898,482,845,482
1741,1733,1785,1733,1785,1774,1741,1774
225,3129,272,3129,272,3171,225,3171
1551,3121,1597,3121,1597,3163,1551,3163
239,1597,281,1597,281,1637,239,1637
224,2482,270,2482,270,2523,224,2523
898,3193,920,3193,920,3234,898,3234
850,667,901,667,901,718,850,718
1661,1300,1711,1300,1711,1350,1661,1350
612,1068,661,1068,661,1125,612,1125
493,726,543,726,543,773,493,773
605,1247,663,1247,663,1292,605,1292
1658,614,1702,614,1702,654,1658,654
519,2607,563,2607,563,2651,519,2651
299,2864,343,2864,343,2900,299,2900
1477,2470,1517,2470,1517,2500,1477,2500
297,2214,341,2214,341,2253,297,2253
1390,724,1444,724,1444,774,1390,774
737,2078,780,2078,780,2118,737,2118
154,960,206,960,206,1011,154,1011
434,1422,484,1422,484,1472,434,1472
792,1247,843,1247,843,1296,792,1296
158,607,211,607,211,661,158,661
1919,1980,1971,1980,1971,2025,1919,2025
1487,1648,1541,1648,1541,1702,1487,1702
1601,1272,1657,1272,1657,1326,1601,1326
1271,780,1323,780,1323,832,1271,832
853,1592,903,1592,903,1644,853,1644
1033,3129,1077,3129,1077,3168,1033,3168
433,1072,488,1072,488,1122,433,1122
1661,1533,1713,1533,1713,1583,1661,1583
910,1072,964,1072,964,1123,910,1123
1474,1904,1519,1904,1519,1945,1474,1945
730,431,783,431,783,485,730,485
592,2566,637,2566,637,2606,592,2606
316,724,366,724,366,778,316,778
298,2300,340,2300,340,2338,298,2338
1656,1125,1710,1125,1710,1180,1656,1180
1913,2960,1967,2960,1967,3015,1913,3015
1760,1284,1801,1284,1801,1325,1760,1325
436,1192,481,1192,481,1238,436,1238
484,435,538,435,538,484,484,484
854,1015,899,1015,899,1061,854,1061
1034,2568,1075,2568,1075,2599,1034,2599
1557,2485,1600,2485,1600,2525,1557,2525
1861,2038,1907,2038,1907,2083,1861,2083
1546,1708,1598,1708,1598,1757,1546,1757
552,1770,603,1770,603,1822,552,1822
732,1766,784,1766,784,1818,732,1818
663,1906,708,1906,708,1947,663,1947
520,2521,562,2521,562,2564,520,2564
227,3212,273,3212,273,3254,227,3254
318,611,363,611,363,659,318,659
1918,1593,1964,1593,1964,1637,1918,1637
791,1536,843,1536,843,1587,791,1587
216,1032,262,1032,262,1076,216,1076
1547,1417,1589,1417,1589,1469,1547,1469
1329,2739,1372,2739,1372,2777,1329,2777
2028,675,2073,675,2073,720,2028,720
979,1284,1023,1284,1023,1323,979,1323
225,2259,267,2259,267,2297,225,2297
607,1132,661,1132,661,1183,607,1183
1915,667,1961,667,1961,713,1915,713
374,551,425,551,425,600,374,600
1551,3166,1596,3166,1596,3208,1551,3208
225,2302,268,2302,268,2341,225,2341
679,960,723,960,723,1000,679,1000
1394,1358,1448,1358,1448,1413,1394,1413
980,1629,1023,1629,1023,1669,980,1669
370,1909,412,1909,412,1943,370,1943
1206,431,1257,431,1257,482,1206,482
381,844,427,844,427,891,381,891
302,2735,345,2735,345,2773,302,2773
1324,1241,1380,1241,1380,1295,1324,1295
797,1308,841,1308,841,1352,797,1352
1093,1652,1144,1652,1144,1702,1093,1702
1714,1069,1758,1069,1758,1107,1714,1107
1543,1589,1597,1589,1597,1645,1543,1645
494,1595,539,1595,539,1648,494,1648
1106,2165,1149,2165,1149,2205,1106,2205
1544,1009,1594,1009,1594,1060,1544,1060
1542,1131,1593,1131,1593,1175,1542,1175
795,1714,840,1714,840,1756,795,1756
1918,2092,1969,2092,1969,2146,1918,2146
1917,2267,1970,2267,1970,2316,1917,2316
734,723,788,723,788,774,734,774
1662,1068,1709,1068,1709,1121,1662,1121
979,1326,1023,1326,1023,1368,979,1368
447,2912,492,2912,492,2955,447,2955
608,955,663,955,663,1009,608,1009
1857,2787,1904,2787,1904,2842,1857,2842
435,1709,485,1709,485,1763,435,1763
1543,900,1591,900,1591,948,1543,948
1826,1420,1873,1420,1873,1467,1826,1467
1092,1128,1148,1128,1148,1180,1092,1180
1153,843,1203,843,1203,890,1153,890
1211,608,1255,608,1255,660,1211,660
1326,2085,1371,2085,1371,2128,1326,2128
225,3040,272,3040,272,3081,225,3081
1597,549,1649,549,1649,600,1597,600
965,723,1023,723,1023,773,965,773
909,1533,960,1533,960,1588,909,1588
1910,1075,1959,1075,1959,1116,1910,1116
433,1540,485,1540,485,1586,433,1586
495,1305,540,1305,540,1360,495,1360
492,491,541,491,541,540,492,540
980,979,1022,979,1022,1019,980,1019
611,1538,663,1538,663,1588,611,1588
736,1304,783,1304,783,1353,736,1353
377,1538,428,1538,428,1588,377,1588
814,2600,857,2600,857,2641,814,2641
853,1540,898,1540,898,1584,853,1584
1397,2994,1440,2994,1440,3035,1397,3035
379,780,427,780,427,833,379,833
1857,2385,1911,2385,1911,2436,1857,2436
1213,1534,1267,1534,1267,1584,1213,1584
1667,1360,1710,1360,1710,1407,1667,1407
1916,548,1965,548,1965,601,1916,601
1852,2961,1905,2961,1905,3014,1852,3014
1661,1193,1706,1193,1706,1230,1661,1230
1267,547,1316,547,1316,600,1267,600
301,2997,344,2997,344,3037,301,3037
300,3171,345,3171,345,3209,300,3209
1924,432,1966,432,1966,482,1924,482
226,2870,271,2870,271,2912,226,2912
1327,1011,1383,1011,1383,1063,1327,1063
155,1369,205,1369,205,1416,155,1416
1153,956,1199,956,1199,1003,1153,1003
1482,1363,1535,1363,1535,1413,1482,1413
1552,1653,1597,1653,1597,1698,1552,1698
1332,1709,1382,1709,1382,1759,1332,1759
1600,495,1646,495,1646,537,1600,537
670,3042,712,3042,712,3084,670,3084
369,1864,412,1864,412,1904,369,1904
1861,2444,1909,2444,1909,2492,1861,2492
849,952,903,952,903,1008,849,1008
1152,723,1205,723,1205,776,1152,776
744,2694,785,2694,785,2735,744,2735
791,1591,846,1591,846,1647,791,1647
547,1247,603,1247,603,1296,547,1296
1093,1188,1149,1188,1149,1239,1093,1239
810,2076,853,2076,853,2117,810,2117
1090,666,1143,666,1143,715,1090,715
1741,621,1778,621,1778,649,1741,649
434,1129,484,1129,484,1181,434,1181
1818,725,1874,725,1874,773,1818,773
442,1927,485,1927,485,1967,442,1967
2,2550,42,2550,42,2591,2,2591
1393,838,1448,838,1448,891,1393,891
1095,956,1144,956,1144,1006,1095,1006
963,2871,1002,2871,1002,2904,963,2904
1600,988,1646,988,1646,1026,1600,1026
226,2955,270,2955,270,2997,226,2997
1106,3127,1154,3127,1154,3166,1106,3166
159,1603,204,1603,204,1649,159,1649
159,493,210,493,210,544,159,544
1554,2658,1599,2658,1599,2695,1554,2695
1475,2035,1518,2035,1518,2075,1475,2075
266,1325,301,1325,301,1347,266,1347
1402,2341,1445,2341,1445,2379,1402,2379
448,2752,487,2752,487,2791,448,2791
856,1713,901,1713,901,1760,856,1760
612,784,660,784,660,837,612,837
443,1972,487,1972,487,2012,443,2012
1270,1298,1324,1298,1324,1352,1270,1352
553,1478,603,1478,603,1531,553,1531
1216,1077,1259,1077,1259,1119,1216,1119
1552,2994,1598,2994,1598,3034,1552,3034
1542,555,1588,555,1588,596,1542,596
1270,957,1319,957,1319,1005,1270,1005
1668,1711,1712,1711,1712,1757,1668,1757
1478,839,1533,839,1533,893,1478,893
1269,842,1321,842,1321,888,1269,888
552,1715,598,1715,598,1756,552,1756
1602,725,1644,725,1644,775,1602,775
2029,2861,2071,2861,2071,2903,2029,2903
222,548,276,548,276,602,222,602
1909,954,1962,954,1962,1003,1909,1003
1095,783,1143,783,1143,831,1095,831
1860,2266,1912,2266,1912,2318,1860,2318
553,842,601,842,601,890,553,890
0,2764,44,2764,44,2808,0,2808
1487,1706,1535,1706,1535,1761,1487,1761
373,2694,416,2694,416,2737,373,2737
297,2383,342,2383,342,2425,297,2425
157,846,204,846,204,894,157,894
1475,2687,1518,2687,1518,2723,1475,2723
1034,439,1082,439,1082,486,1034,486
1554,2696,1598,2696,1598,2741,1554,2741
377,493,422,493,422,542,377,542
1156,1247,1205,1247,1205,1295,1156,1295
1735,2776,1777,2776,1777,2817,1735,2817
154,1020,205,1020,205,1073,154,1073
743,2737,783,2737,783,2775,743,2775
674,1138,724,1138,724,1174,674,1174
1667,1244,1706,1244,1706,1291,1667,1291
162,555,208,555,208,601,162,601
1920,2444,1965,2444,1965,2491,1920,2491
2029,874,2070,874,2070,912,2029,912
1180,2435,1222,2435,1222,2471,1180,2471
1328,2433,1373,2433,1373,2475,1328,2475
1328,2260,1371,2260,1371,2301,1328,2301
1401,445,1439,445,1439,482,1401,482
793,1127,846,1127,846,1178,793,1178
1547,955,1590,955,1590,1002,1547,1002
3,3072,42,3072,42,3113,3,3113
1333,1762,1387,1762,1387,1819,1333,1819
1926,2326,1965,2326,1965,2371,1926,2371
734,1015,782,1015,782,1062,734,1062
1209,779,1260,779,1260,833,1209,833
1033,3169,1078,3169,1078,3210,1033,3210
1105,2249,1149,2249,1149,2291,1105,2291
2030,2775,2070,2775,2070,2816,2030,2816
1398,1245,1445,1245,1445,1295,1398,1295
375,438,419,438,419,485,375,485
551,904,596,904,596,944,551,944
372,725,426,725,426,774,372,774
1600,434,1647,434,1647,485,1600,485
1825,1135,1868,1135,1868,1179,1825,1179
675,1650,728,1650,728,1701,675,1701
1759,1325,1803,1325,1803,1363,1759,1363
490,899,543,899,543,951,490,951
1556,2528,1599,2528,1599,2568,1556,2568
677,1422,723,1422,723,1468,677,1468
1739,1454,1782,1454,1782,1493,1739,1493
226,3174,270,3174,270,3209,226,3209
1034,2481,1077,2481,1077,2513,1034,2513
1735,2646,1779,2646,1779,2687,1735,2687
224,2428,270,2428,270,2469,224,2469
1741,1690,1783,1690,1783,1730,1741,1730
1255,2690,1296,2690,1296,2724,1255,2724
518,2351,561,2351,561,2390,518,2390
664,2132,709,2132,709,2173,664,2173
980,1672,1023,1672,1023,1711,980,1711
1737,2735,1779,2735,1779,2771,1737,2771
1551,3079,1597,3079,1597,3118,1551,3118
1401,1905,1442,1905,1442,1940,1401,1940
376,3216,419,3216,419,3253,376,3253
1402,2475,1447,2475,1447,2513,1402,2513
980,1716,1025,1716,1025,1756,980,1756
1713,1196,1756,1196,1756,1237,1713,1237
223,2045,265,2045,265,2077,223,2077
1400,1420,1441,1420,1441,1471,1400,1471
668,2615,711,2615,711,2652,668,2652
445,2620,489,2620,489,2658,445,2658
2,2350,41,2350,41,2381,2,2381
735,1362,782,1362,782,1411,735,1411
2,2041,40,2041,40,2083,2,2083
1403,2735,1444,2735,1444,2770,1403,2770
264,857,306,857,306,898,264,898
736,1536,781,1536,781,1584,736,1584
1480,2302,1516,2302,1516,2332,1480,2332
216,1443,261,1443,261,1485,216,1485
1668,1648,1712,1648,1712,1702,1668,1702
302,3042,347,3042,347,3081,302,3081
1256,2254,1296,2254,1296,2285,1256,2285
812,2164,856,2164,856,2206,812,2206
1735,3035,1780,3035,1780,3078,1735,3078
447,2957,490,2957,490,2993,447,2993
1217,1011,1262,1011,1262,1066,1217,1066
1108,3084,1151,3084,1151,3124,1108,3124
385,1014,426,1014,426,1065,385,1065
1552,3036,1598,3036,1598,3076,1552,3076
1802,2269,1854,2269,1854,2320,1802,2320
741,2911,785,2911,785,2951,741,2951
1214,727,1259,727,1259,772,1214,772
1862,2209,1913,2209,1913,2258,1862,2258
1798,2095,1856,2095,1856,2148,1798,2148
1254,2161,1297,2161,1297,2203,1254,2203
1656,722,1707,722,1707,773,1656,773
1403,2557,1447,2557,1447,2599,1403,2599
885,2345,929,2345,929,2387,885,2387
594,2433,637,2433,637,2474,594,2474
1182,2869,1224,2869,1224,2910,1182,2910
1207,495,1259,495,1259,545,1207,545
1258,2515,1298,2515,1298,2549,1258,2549
1335,1304,1376,1304,1376,1351,1335,1351
1738,2538,1781,2538,1781,2559,1738,2559
668,2825,709,2825,709,2868,668,2868
317,895,368,895,368,951,317,951
2036,2028,2086,2028,2086,2080,2036,2080
1182,3129,1222,3129,1222,3165,1182,3165
861,1192,898,1192,898,1237,861,1237
1180,2779,1223,2779,1223,2821,1180,2821
1922,1922,1966,1922,1966,1969,1922,1969
672,1010,728,1010,728,1064,672,1064
216,1401,259,1401,259,1442,216,1442
1032,2432,1075,2432,1075,2475,1032,2475
1212,837,1256,837,1256,892,1212,892
1665,1480,1707,1480,1707,1527,1665,1527
1610,1678,1651,1678,1651,1728,1610,1728
814,2643,856,2643,856,2680,814,2680
1859,2908,1903,2908,1903,2955,1859,2955
591,2258,635,2258,635,2298,591,2298
299,2429,344,2429,344,2469,299,2469
813,2426,858,2426,858,2466,813,2466
1482,1417,1538,1417,1538,1468,1482,1468
1555,2569,1600,2569,1600,2605,1555,2605
1475,1949,1518,1949,1518,1988,1475,1988
1918,1769,1962,1769,1962,1816,1918,1816
1271,603,1316,603,1316,660,1271,660
1639,2266,1691,2266,1691,2320,1639,2320
885,2605,930,2605,930,2647,885,2647
299,2472,341,2472,341,2514,299,2514
1861,3197,1898,3197,1898,3246,1861,3246
886,1910,927,1910,927,1944,886,1944
960,2260,1003,2260,1003,2300,960,2300
886,2562,929,2562,929,2604,886,2604
1095,726,1138,726,1138,773,1095,773
373,2781,416,2781,416,2823,373,2823
732,489,784,489,784,539,732,539
1396,674,1442,674,1442,714,1396,714
494,782,537,782,537,834,494,834
1476,2335,1519,2335,1519,2378,1476,2378
979,1456,1024,1456,1024,1497,979,1497
377,2873,418,2873,418,2906,377,2906
1332,1130,1378,1130,1378,1177,1332,1177
1331,1478,1382,1478,1382,1529,1331,1529
735,779,786,779,786,831,735,831
913,1596,958,1596,958,1643,913,1643
678,429,720,429,720,481,678,481
1181,2997,1222,2997,1222,3037,1181,3037
667,2521,711,2521,711,2564,667,2564
1254,2424,1296,2424,1296,2464,1254,2464
743,3045,783,3045,783,3077,743,3077
1217,667,1253,667,1253,713,1217,713
157,1721,201,1721,201,1767,157,1767
1921,2387,1966,2387,1966,2432,1921,2432
1826,953,1869,953,1869,1005,1826,1005
164,1251,206,1251,206,1303,164,1303
1555,2907,1597,2907,1597,2948,1555,2948
887,2952,930,2952,930,2994,887,2994
1480,2604,1516,2604,1516,2637,1480,2637
157,1083,202,1083,202,1122,157,1122
1406,2519,1444,2519,1444,2552,1406,2552
1096,1534,1145,1534,1145,1586,1096,1586
1210,955,1262,955,1262,1008,1210,1008
889,2914,928,2914,928,2946,889,2946
516,2133,560,2133,560,2175,516,2175
663,1950,704,1950,704,1991,663,1991
265,901,303,901,303,943,265,943
958,1947,1000,1947,1000,1988,958,1988
733,1475,786,1475,786,1530,733,1530
915,1023,955,1023,955,1057,915,1057
852,556,896,556,896,596,852,596
1111,2867,1148,2867,1148,2906,1111,2906
521,3172,563,3172,563,3213,521,3213
818,2779,857,2779,857,2812,818,2812
1394,1128,1448,1128,1448,1180,1394,1180
448,2322,485,2322,485,2353,448,2353
296,2037,339,2037,339,2079,296,2079
740,1713,776,1713,776,1760,740,1760
1403,2688,1445,2688,1445,2728,1403,2728
301,2688,342,2688,342,2730,301,2730
1183,2392,1221,2392,1221,2427,1183,2427
1326,1997,1370,1997,1370,2039,1326,2039
960,2477,1001,2477,1001,2517,960,2517
445,2446,488,2446,488,2487,445,2487
373,2388,415,2388,415,2427,373,2427
965,547,1018,547,1018,601,965,601
370,2127,414,2127,414,2168,370,2168
1404,2383,1445,2383,1445,2423,1404,2423
744,2955,783,2955,783,2994,744,2994
1092,838,1148,838,1148,891,1092,891
1106,2953,1150,2953,1150,2993,1106,2993
671,1185,729,1185,729,1239,671,1239
791,435,837,435,837,482,791,482
1185,2913,1221,2913,1221,2947,1185,2947
1734,2822,1778,2822,1778,2861,1734,2861
906,491,960,491,960,543,906,543
1548,1242,1591,1242,1591,1297,1548,1297
376,3000,418,3000,418,3039,376,3039
1800,1925,1851,1925,1851,1972,1800,1972
597,3043,636,3043,636,3079,597,3079
742,2481,783,2481,783,2512,742,2512
2028,804,2072,804,2072,826,2028,826
1493,1540,1530,1540,1530,1585,1493,1585
1868,2675,1905,2675,1905,2722,1868,2722
1927,2033,1967,2033,1967,2084,1927,2084
596,3083,635,3083,635,3124,596,3124
552,1072,599,1072,599,1121,552,1121
1734,2905,1780,2905,1780,2947,1734,2947
854,1367,897,1367,897,1414,854,1414
1256,2124,1295,2124,1295,2155,1256,2155
675,1535,727,1535,727,1584,675,1584
904,433,958,433,958,485,904,485
156,1422,202,1422,202,1476,156,1476
1476,1860,1518,1860,1518,1899,1476,1899
1738,1498,1779,1498,1779,1540,1738,1540
666,2392,712,2392,712,2434,666,2434
436,1660,481,1660,481,1703,436,1703
377,2956,420,2956,420,2997,377,2997
516,2263,559,2263,559,2303,516,2303
813,2554,856,2554,856,2596,813,2596
596,2911,639,2911,639,2951,596,2951
1270,894,1322,894,1322,947,1270,947
1103,551,1144,551,1144,604,1103,604
160,728,206,728,206,775,160,775
668,2781,709,2781,709,2823,668,2823
1548,1188,1585,1188,1585,1235,1548,1235
1759,1109,1801,1109,1801,1151,1759,1151
1182,2520,1223,2520,1223,2559,1182,2559
1213,1128,1264,1128,1264,1182,1213,1182
795,1016,843,1016,843,1065,795,1065
1254,2954,1297,2954,1297,2993,1254,2993
152,1864,193,1864,193,1904,152,1904
1330,2997,1366,2997,1366,3030,1330,3030
0,2221,38,2221,38,2250,0,2250
261,1360,303,1360,303,1398,261,1398
1213,1188,1260,1188,1260,1237,1213,1237
744,2298,784,2298,784,2331,744,2331
1327,3170,1366,3170,1366,3207,1327,3207
1663,960,1704,960,1704,1007,1663,1007
1273,1652,1321,1652,1321,1702,1273,1702
1100,899,1136,899,1136,946,1100,946
158,784,207,784,207,836,158,836
1858,1863,1910,1863,1910,1909,1858,1909
1179,2563,1223,2563,1223,2602,1179,2602
1716,1355,1760,1355,1760,1399,1716,1399
1552,2209,1607,2209,1607,2261,1552,2261
4,2389,38,2389,38,2430,4,2430
1148,607,1199,607,1199,658,1148,658
1096,1243,1147,1243,1147,1296,1096,1296
911,667,956,667,956,715,911,715
668,2739,707,2739,707,2780,668,2780
1921,1654,1956,1654,1956,1698,1921,1698
595,2824,638,2824,638,2862,595,2862
886,2041,927,2041,927,2084,886,2084
1553,2151,1603,2151,1603,2202,1553,2202
607,1649,661,1649,661,1701,607,1701
448,3085,492,3085,492,3128,448,3128
1,3126,43,3126,43,3167,1,3167
961,2038,998,2038,998,2072,961,2072
1106,3169,1149,3169,1149,3210,1106,3210
812,2034,852,2034,852,2075,812,2075
1856,3135,1906,3135,1906,3189,1856,3189
440,784,477,784,477,829,440,829
857,725,899,725,899,773,857,773
616,672,652,672,652,715,616,715
1034,2081,1075,2081,1075,2114,1034,2114
1106,2077,1150,2077,1150,2116,1106,2116
226,2738,268,2738,268,2780,226,2780
1179,2651,1222,2651,1222,2685,1179,2685
1923,2155,1971,2155,1971,2199,1923,2199
1404,2217,1441,2217,1441,2247,1404,2247
1397,780,1443,780,1443,832,1397,832
1107,3042,1151,3042,1151,3078,1107,3078
444,2099,485,2099,485,2144,444,2144
739,841,785,841,785,890,739,890
737,2121,781,2121,781,2163,737,2163
743,2825,787,2825,787,2866,743,2866
1620,1737,1642,1737,1642,1789,1620,1789
1478,2121,1517,2121,1517,2160,1478,2160
1402,2869,1438,2869,1438,2902,1402,2902
853,1071,899,1071,899,1120,853,1120
1035,2998,1076,2998,1076,3037,1035,3037
907,550,959,550,959,599,907,599
617,725,657,725,657,775,617,775
1162,1653,1200,1653,1200,1702,1162,1702
1860,1980,1912,1980,1912,2028,1860,2028
1739,1649,1783,1649,1783,1689,1739,1689
1273,1536,1324,1536,1324,1583,1273,1583
372,2430,412,2430,412,2469,372,2469
964,3003,1002,3003,1002,3035,964,3035
303,3085,343,3085,343,3126,303,3126
1734,2949,1777,2949,1777,2990,1734,2990
228,2685,267,2685,267,2724,228,2724
1403,2605,1445,2605,1445,2639,1403,2639
436,1485,481,1485,481,1525,436,1525
1030,1861,1073,1861,1073,1900,1030,1900
0,2171,40,2171,40,2213,0,2213
1762,1413,1802,1413,1802,1454,1762,1454
611,1422,660,1422,660,1472,611,1472
1109,2826,1151,2826,1151,2861,1109,2861
437,956,483,956,483,1008,437,1008
1834,1535,1872,1535,1872,1583,1834,1583
1154,1536,1204,1536,1204,1585,1154,1585
1829,1364,1866,1364,1866,1407,1829,1407
322,1135,359,1135,359,1180,322,1180
795,555,837,555,837,600,795,600
737,2036,780,2036,780,2076,737,2076
302,2818,345,2818,345,2859,302,2859
963,3217,1003,3217,1003,3253,963,3253
812,2250,855,2250,855,2294,812,2294
516,2041,554,2041,554,2074,516,2074
1489,784,1525,784,1525,828,1489,828
1635,2615,1693,2615,1693,2669,1635,2669
329,1248,366,1248,366,1301,329,1301
1253,3124,1295,3124,1295,3166,1253,3166
1106,2911,1152,2911,1152,2950,1106,2950
1554,2950,1595,2950,1595,2992,1554,2992
1158,437,1193,437,1193,487,1158,487
1164,1770,1203,1770,1203,1819,1164,1819
446,2575,488,2575,488,2618,446,2618
152,1909,194,1909,194,1951,152,1951
549,722,602,722,602,773,549,773
912,1127,962,1127,962,1180,912,1180
961,2910,1000,2910,1000,2950,961,2950
522,3128,567,3128,567,3169,522,3169
1403,2952,1439,2952,1439,2992,1403,2992
450,3174,492,3174,492,3213,450,3213
1108,1996,1144,1996,1144,2029,1108,2029
225,2345,269,2345,269,2383,225,2383
1331,1068,1380,1068,1380,1122,1331,1122
803,784,838,784,838,829,803,829
1920,2675,1956,2675,1956,2723,1920,2723
1161,1012,1202,1012,1202,1063,1161,1063
1215,1766,1266,1766,1266,1819,1215,1819
457,2706,484,2706,484,2744,457,2744
1489,1305,1536,1305,1536,1351,1489,1351
523,2661,557,2661,557,2683,523,2683
1162,1598,1199,1598,1199,1644,1162,1644
161,904,198,904,198,950,161,950
914,854,953,854,953,879,914,879
316,662,366,662,366,719,316,719
1480,1995,1515,1995,1515,2030,1480,2030
320,788,365,788,365,827,320,827
1610,1453,1644,1453,1644,1498,1610,1498
738,896,782,896,782,944,738,944
224,2175,263,2175,263,2208,224,2208
1918,609,1957,609,1957,653,1918,653
909,1476,962,1476,962,1531,909,1531
1109,2607,1149,2607,1149,2647,1109,2647
301,2347,338,2347,338,2379,301,2379
438,725,481,725,481,773,438,773
744,2785,782,2785,782,2819,744,2819
2031,2687,2073,2687,2073,2732,2031,2732
1153,1366,1199,1366,1199,1406,1153,1406
306,3219,343,3219,343,3255,306,3255
595,2738,638,2738,638,2779,595,2779
608,1771,660,1771,660,1819,608,1819
300,2257,338,2257,338,2297,300,2297
1410,1782,1442,1782,1442,1804,1410,1804
740,1997,776,1997,776,2030,740,2030
1178,1861,1220,1861,1220,1899,1178,1899
303,2087,339,2087,339,2120,303,2120
961,2736,1005,2736,1005,2778,961,2778
302,2650,339,2650,339,2684,302,2684
1400,2775,1444,2775,1444,2817,1400,2817
796,1423,838,1423,838,1468,796,1468
492,1190,544,1190,544,1242,492,1242
1096,1080,1140,1080,1140,1119,1096,1119
3,2686,41,2686,41,2716,3,2716
1256,2036,1297,2036,1297,2072,1256,2072
596,2869,639,2869,639,2905,596,2905
1481,2167,1516,2167,1516,2202,1481,2202
165,1655,203,1655,203,1709,165,1709
1811,1861,1851,1861,1851,1912,1811,1912
521,2783,565,2783,565,2823,521,2823
1858,2615,1908,2615,1908,2665,1858,2665
685,1766,720,1766,720,1817,685,1817
1400,2820,1444,2820,1444,2859,1400,2859
817,3001,852,3001,852,3037,817,3037
1714,1108,1758,1108,1758,1152,1714,1152
239,1639,283,1639,283,1679,239,1679
1554,1304,1590,1304,1590,1349,1554,1349
602,432,653,432,653,485,602,485
815,3215,860,3215,860,3256,815,3256
1405,2434,1442,2434,1442,2467,1405,2467
1740,1563,1780,1563,1780,1604,1740,1604
1742,1604,1780,1604,1780,1646,1742,1646
1926,2212,1963,2212,1963,2256,1926,2256
1760,1198,1798,1198,1798,1237,1760,1237
678,1599,725,1599,725,1641,678,1641
0,2256,39,2256,39,2297,0,2297
914,1425,951,1425,951,1472,914,1472
1761,1369,1800,1369,1800,1407,1761,1407
1096,436,1135,436,1135,482,1096,482
595,2650,638,2650,638,2690,595,2690
1327,2953,1371,2953,1371,2992,1327,2992
1037,727,1086,727,1086,772,1037,772
595,1995,629,1995,629,2032,595,2032
1180,3041,1222,3041,1222,3080,1180,3080
1401,625,1443,625,1443,653,1401,653
2030,545,2075,545,2075,589,2030,589
962,1992,997,1992,997,2031,962,2031
552,1139,601,1139,601,1178,552,1178
740,2562,782,2562,782,2603,740,2603
500,1711,539,1711,539,1760,500,1760
1328,2217,1372,2217,1372,2257,1328,2257
960,2605,1004,2605,1004,2645,960,2645
380,3132,416,3132,416,3168,380,3168
981,1068,1023,1068,1023,1107,981,1107
1252,3213,1294,3213,1294,3252,1252,3252
435,555,477,555,477,599,435,599
607,1363,664,1363,664,1412,607,1412
0,2300,41,2300,41,2342,0,2342
678,1306,723,1306,723,1355,678,1355
851,1251,899,1251,899,1295,851,1295
516,1994,559,1994,559,2034,516,2034
1109,3217,1145,3217,1145,3250,1109,3250
669,2869,707,2869,707,2906,669,2906
1862,3078,1904,3078,1904,3130,1862,3130
453,2191,480,2191,480,2225,453,2225
516,1861,558,1861,558,1902,516,1902
918,1365,950,1365,950,1413,918,1413
1401,1663,1442,1663,1442,1692,1401,1692
740,2435,784,2435,784,2476,740,2476
592,2127,631,2127,631,2161,592,2161
979,1197,1023,1197,1023,1238,979,1238
502,609,538,609,538,656,502,656
2,3224,42,3224,42,3263,2,3263
379,670,420,670,420,715,379,715
1337,1190,1374,1190,1374,1234,1337,1234
550,435,593,435,593,482,550,482
518,2179,558,2179,558,2217,518,2217
1476,3040,1513,3040,1513,3074,1476,3074
1093,1421,1145,1421,1145,1470,1093,1470
1035,1952,1071,1952,1071,1987,1035,1987
1329,3131,1364,3131,1364,3164,1329,3164
558,1542,596,1542,596,1586,558,1586
1827,786,1864,786,1864,831,1827,831
449,2998,492,2998,492,3040,449,3040
304,2777,344,2777,344,2814,304,2814
448,2869,492,2869,492,2909,448,2909
1862,2328,1907,2328,1907,2375,1862,2375
980,1542,1023,1542,1023,1581,980,1581
742,2866,785,2866,785,2909,742,2909
910,725,962,725,962,772,910,772
370,2082,414,2082,414,2122,370,2122
370,1951,411,1951,411,1990,370,1990
1103,1707,1143,1707,1143,1759,1103,1759
1276,668,1313,668,1313,713,1276,713
296,1864,339,1864,339,1906,296,1906
888,2692,926,2692,926,2732,888,2732
737,959,780,959,780,1006,737,1006
500,843,536,843,536,888,500,888
1604,609,1641,609,1641,654,1604,654
385,1249,424,1249,424,1301,385,1301
889,2438,925,2438,925,2471,889,2471
739,1866,777,1866,777,1899,739,1899
1400,3122,1443,3122,1443,3163,1400,3163
1714,1295,1756,1295,1756,1343,1714,1343
964,2828,997,2828,997,2861,964,2861
1274,1133,1317,1133,1317,1179,1274,1179
890,2217,925,2217,925,2256,890,2256
1325,605,1377,605,1377,657,1325,657
982,1111,1019,1111,1019,1149,982,1149
1810,2733,1848,2733,1848,2786,1810,2786
885,2001,928,2001,928,2038,885,2038
1332,2484,1368,2484,1368,2516,1332,2516
1800,2441,1845,2441,1845,2494,1800,2494
740,2391,782,2391,782,2433,740,2433
1740,2997,1777,2997,1777,3031,1740,3031
-1,1913,36,1913,36,1952,-1,1952
302,3128,343,3128,343,3170,302,3170
2,2089,37,2089,37,2123,2,2123
374,2607,416,2607,416,2649,374,2649
668,2262,707,2262,707,2302,668,2302
216,1359,257,1359,257,1395,216,1395
496,1254,540,1254,540,1294,496,1294
979,1500,1023,1500,1023,1540,979,1540
963,1909,998,1909,998,1944,963,1944
1268,434,1319,434,1319,483,1268,483
268,1239,301,1239,301,1263,268,1263
676,665,724,665,724,713,676,713
1495,1067,1536,1067,1536,1119,1495,1119
1,2823,44,2823,44,2865,1,2865
914,782,958,782,958,832,914,832
746,1653,780,1653,780,1701,746,1701
1735,560,1778,560,1778,592,1735,592
1477,3170,1513,3170,1513,3206,1477,3206
387,608,423,608,423,660,387,660
686,1707,725,1707,725,1759,686,1759
595,2783,638,2783,638,2820,595,2820
589,1905,632,1905,632,1944,589,1944
381,1424,419,1424,419,1470,381,1470
522,2827,560,2827,560,2867,522,2867
1114,2426,1146,2426,1146,2463,1114,2463
1329,555,1374,555,1374,597,1329,597
1860,2732,1901,2732,1901,2777,1860,2777
1036,3084,1076,3084,1076,3121,1036,3121
591,1866,630,1866,630,1898,591,1898
1759,1069,1799,1069,1799,1107,1759,1107
1255,3171,1295,3171,1295,3208,1255,3208
596,3126,637,3126,637,3166,596,3166
589,2036,632,2036,632,2078,589,2078
1031,2518,1075,2518,1075,2560,1031,2560
1662,784,1708,784,1708,829,1662,829
592,2303,636,2303,636,2344,592,2344
787,844,845,844,845,876,787,876
304,2607,336,2607,336,2638,304,2638
1036,2167,1067,2167,1067,2204,1036,2204
672,2658,709,2658,709,2692,672,2692
1106,2562,1149,2562,1149,2605,1106,2605
1278,1013,1320,1013,1320,1060,1278,1060
1264,2647,1292,2647,1292,2681,1264,2681
1736,673,1778,673,1778,714,1736,714
1488,1012,1533,1012,1533,1062,1488,1062
796,725,843,725,843,773,796,773
549,667,602,667,602,716,549,716
746,666,781,666,781,717,746,717
1220,1301,1258,1301,1258,1351,1220,1351
1227,1706,1263,1706,1263,1762,1227,1762
454,2407,481,2407,481,2440,454,2440
1400,1859,1443,1859,1443,1900,1400,1900
517,1949,560,1949,560,1989,517,1989
667,2567,712,2567,712,2610,667,2610
1329,1906,1366,1906,1366,1943,1329,1943
500,1773,532,1773,532,1818,500,1818
526,3043,560,3043,560,3082,526,3082
1182,2826,1223,2826,1223,2864,1182,2864
262,1404,303,1404,303,1443,262,1443
960,2304,1003,2304,1003,2342,960,2342
600,2692,632,2692,632,2735,600,2735
665,1872,704,1872,704,1888,665,1888
1476,546,1530,546,1530,601,1476,601
743,2521,782,2521,782,2560,743,2560
963,2692,997,2692,997,2726,963,2726
1474,2950,1514,2950,1514,2989,1474,2989
1403,2254,1445,2254,1445,2293,1403,2293
1178,2033,1223,2033,1223,2075,1178,2075
965,3088,1002,3088,1002,3123,965,3123
451,3215,491,3215,491,3256,451,3256
1273,1362,1323,1362,1323,1410,1273,1410
612,1484,656,1484,656,1524,612,1524
1330,1538,1381,1538,1381,1586,1330,1586
1403,1072,1439,1072,1439,1123,1403,1123
299,2558,342,2558,342,2599,299,2599
1480,663,1533,663,1533,713,1480,713
2029,916,2071,916,2071,938,2029,938
6,2639,39,2639,39,2677,6,2677
1032,2125,1072,2125,1072,2157,1032,2157
1339,952,1373,952,1373,1005,1339,1005
960,3043,1004,3043,1004,3083,960,3083
1155,498,1192,498,1192,541,1155,541
1333,2133,1369,2133,1369,2167,1333,2167
1331,662,1376,662,1376,715,1331,715
1400,3170,1441,3170,1441,3203,1400,3203
960,2346,1002,2346,1002,2387,960,2387
1865,1921,1900,1921,1900,1968,1865,1968
1476,2252,1519,2252,1519,2290,1476,2290
524,2743,559,2743,559,2778,524,2778
808,1904,852,1904,852,1945,808,1945
812,1993,853,1993,853,2032,812,2032
815,2911,859,2911,859,2953,815,2953
1037,610,1073,610,1073,657,1037,657
1475,2643,1520,2643,1520,2680,1475,2680
1735,2689,1779,2689,1779,2730,1735,2730
813,2382,855,2382,855,2420,813,2420
668,2697,709,2697,709,2736,668,2736
1258,2601,1289,2601,1289,2638,1258,2638
981,1241,1022,1241,1022,1280,981,1280
516,2307,561,2307,561,2349,516,2349
856,1305,891,1305,891,1351,856,1351
446,2272,487,2272,487,2314,446,2314
1095,1364,1143,1364,1143,1411,1095,1411
1409,1994,1438,1994,1438,2031,1409,2031
1332,2350,1368,2350,1368,2383,1332,2383
1186,1903,1216,1903,1216,1940,1186,1940
1098,1601,1145,1601,1145,1641,1098,1641
1493,1133,1527,1133,1527,1178,1493,1178
1404,2302,1441,2302,1441,2335,1404,2335
1400,3209,1438,3209,1438,3249,1400,3249
849,494,900,494,900,545,849,545
1921,1182,1953,1182,1953,1231,1921,1231
232,2128,262,2128,262,2167,232,2167
1400,3038,1441,3038,1441,3078,1400,3078
5,2914,39,2914,39,2947,5,2947
1555,2612,1597,2612,1597,2654,1555,2654
1277,1595,1320,1595,1320,1643,1277,1643
1475,2423,1520,2423,1520,2463,1475,2463
1163,898,1193,898,1193,948,1163,948
914,1716,957,1716,957,1763,914,1763
1333,2572,1368,2572,1368,2603,1333,2603
1218,1420,1255,1420,1255,1466,1218,1466
886,2173,929,2173,929,2212,886,2212
684,726,716,726,716,773,684,773
222,1909,265,1909,265,1950,222,1950
1100,1309,1136,1309,1136,1353,1100,1353
1761,1153,1800,1153,1800,1194,1761,1194
1929,2789,1964,2789,1964,2841,1929,2841
1739,3080,1770,3080,1770,3118,1739,3118
1158,1191,1199,1191,1199,1240,1158,1240
376,2473,412,2473,412,2512,376,2512
1716,1241,1754,1241,1754,1280,1716,1280
1255,2466,1293,2466,1293,2506,1255,2506
591,2215,638,2215,638,2256,591,2256
913,609,950,609,950,658,913,658
376,2348,412,2348,412,2380,376,2380
734,551,778,551,778,599,734,599
1715,1153,1755,1153,1755,1192,1715,1192
1032,2734,1077,2734,1077,2778,1032,2778
0,1869,36,1869,36,1910,0,1910
738,2212,778,2212,778,2244,738,2244
596,2348,631,2348,631,2387,596,2387
979,1151,1024,1151,1024,1192,979,1192
594,2521,638,2521,638,2561,594,2561
1180,2302,1224,2302,1224,2343,1180,2343
374,2216,409,2216,409,2249,374,2249
1491,958,1527,958,1527,1006,1491,1006
263,1444,302,1444,302,1486,263,1486
1811,2553,1845,2553,1845,2605,1811,2605
1482,2772,1512,2772,1512,2810,1482,2810
794,665,841,665,841,717,794,717
372,2043,409,2043,409,2077,372,2077
1329,2049,1362,2049,1362,2080,1329,2080
305,2168,332,2168,332,2207,305,2207
1254,2823,1297,2823,1297,2864,1254,2864
670,3000,713,3000,713,3039,670,3039
1110,2122,1144,2122,1144,2160,1110,2160
1490,1596,1537,1596,1537,1644,1490,1644
1476,2206,1520,2206,1520,2248,1476,2248
1474,3121,1510,3121,1510,3163,1474,3163
1804,2623,1844,2623,1844,2669,1804,2669
860,786,896,786,896,829,860,829
616,549,647,549,647,599,616,599
370,2169,412,2169,412,2212,370,2212
1254,1903,1291,1903,1291,1941,1254,1941
226,2087,258,2087,258,2122,226,2122
304,1912,334,1912,334,1945,304,1945
1219,901,1255,901,1255,945,1219,945
1401,2908,1437,2908,1437,2946,1401,2946
376,2827,413,2827,413,2867,376,2867
1487,497,1524,497,1524,542,1487,542
818,3089,854,3089,854,3122,818,3122
522,3083,565,3083,565,3124,522,3124
455,2665,485,2665,485,2702,455,2702
1277,491,1316,491,1316,542,1277,542
1220,1250,1254,1250,1254,1296,1220,1296
1736,2562,1779,2562,1779,2602,1736,2602
1810,2154,1844,2154,1844,2207,1810,2207
1179,3212,1223,3212,1223,3252,1179,3252
228,1958,262,1958,262,1991,228,1991
446,2147,482,2147,482,2186,446,2186
1915,1304,1951,1304,1951,1348,1915,1348
1037,1907,1072,1907,1072,1941,1037,1941
895,3151,925,3151,925,3186,895,3186
377,2742,413,2742,413,2776,377,2776
1255,1859,1294,1859,1294,1898,1255,1898
815,2123,850,2123,850,2160,815,2160
448,3046,491,3046,491,3078,448,3078
814,3127,858,3127,858,3167,814,3167
159,1486,196,1486,196,1530,159,1530
1761,1239,1799,1239,1799,1279,1761,1279
271,950,302,950,302,979,271,979
1035,3040,1076,3040,1076,3083,1035,3083
306,1999,331,1999,331,2033,306,2033
370,1995,410,1995,410,2033,370,2033
1284,1069,1320,1069,1320,1121,1284,1121
1113,2341,1142,2341,1142,2375,1113,2375
864,1131,901,1131,901,1180,864,1180
680,3128,707,3128,707,3168,680,3168
527,2396,556,2396,556,2432,527,2432
1329,2913,1364,2913,1364,2946,1329,2946
1037,2868,1078,2868,1078,2906,1037,2906
740,1130,784,1130,784,1177,740,1177
238,1726,282,1726,282,1767,238,1767
445,900,483,900,483,951,445,951
380,2913,414,2913,414,2952,380,2952
817,2514,850,2514,850,2547,817,2547
1112,2999,1146,2999,1146,3037,1112,3037
1154,1708,1207,1708,1207,1759,1154,1759
593,2475,638,2475,638,2518,593,2518
514,1906,559,1906,559,1946,514,1946
1187,1951,1214,1951,1214,1984,1187,1984
267,1084,299,1084,299,1109,267,1109
1035,2823,1077,2823,1077,2863,1035,2863
886,2389,928,2389,928,2430,886,2430
5,3176,41,3176,41,3209,5,3209
613,1597,663,1597,663,1641,613,1641
555,497,590,497,590,541,555,541
1718,1413,1758,1413,1758,1454,1718,1454
1333,2173,1367,2173,1367,2212,1333,2212
522,2868,562,2868,562,2908,522,2908
1814,2326,1850,2326,1850,2378,1814,2378
381,3088,411,3088,411,3124,381,3124
795,1074,838,1074,838,1114,795,1114
1407,2081,1437,2081,1437,2117,1407,2117
1,2133,34,2133,34,2163,1,2163
1834,896,1858,896,1858,947,1834,947
228,2583,264,2583,264,2620,228,2620
1275,724,1321,724,1321,770,1275,770
1183,3088,1219,3088,1219,3122,1183,3122
523,2571,556,2571,556,2602,523,2602
1035,3213,1078,3213,1078,3253,1035,3253
226,1996,264,1996,264,2037,226,2037
1103,1861,1147,1861,1147,1901,1103,1901
680,1364,716,1364,716,1409,680,1409
889,2520,929,2520,929,2559,889,2559
614,842,657,842,657,890,614,890
1924,1359,1949,1359,1949,1409,1924,1409
679,1250,721,1250,721,1295,679,1295
1406,2651,1439,2651,1439,2683,1406,2683
893,2739,923,2739,923,2773,893,2773
665,2348,710,2348,710,2391,665,2391
959,2216,1003,2216,1003,2256,959,2256
958,1863,1001,1863,1001,1900,958,1900
561,1187,597,1187,597,1235,561,1235
811,1864,850,1864,850,1900,811,1900
670,2181,706,2181,706,2215,670,2215
1030,1991,1073,1991,1073,2032,1030,2032
595,3171,637,3171,637,3211,595,3211
799,491,832,491,832,541,799,541
1187,2609,1221,2609,1221,2643,1187,2643
666,2046,707,2046,707,2085,666,2085
817,2689,857,2689,857,2725,817,2725
1332,2698,1368,2698,1368,2732,1332,2732
1259,2080,1293,2080,1293,2116,1259,2116
1263,2297,1290,2297,1290,2331,1263,2331
679,3218,705,3218,705,3250,679,3250
528,2440,555,2440,555,2473,528,2473
1253,3082,1295,3082,1295,3118,1253,3118
1214,552,1251,552,1251,599,1214,599
522,2481,559,2481,559,2516,522,2516
1484,2559,1508,2559,1508,2593,1484,2593
962,2122,999,2122,999,2164,962,2164
1110,2690,1148,2690,1148,2733,1110,2733
1111,2740,1147,2740,1147,2775,1111,2775
672,3173,703,3173,703,3209,672,3209
959,2391,1003,2391,1003,2429,959,2429
1476,3210,1511,3210,1511,3249,1476,3249
1329,2390,1371,2390,1371,2430,1329,2430
529,2697,554,2697,554,2732,529,2732
962,3128,1005,3128,1005,3166,962,3166
593,2611,637,2611,637,2644,593,2644
304,2520,341,2520,341,2553,304,2553
676,2915,705,2915,705,2950,676,2950
741,1910,774,1910,774,1942,741,1942
1867,2098,1905,2098,1905,2145,1867,2145
1047,839,1084,839,1084,890,1047,890
896,2654,920,2654,920,2686,896,2686
750,2609,776,2609,776,2646,750,2646
619,1015,660,1015,660,1059,619,1059
1490,2077,1511,2077,1511,2117,1490,2117
1741,2607,1776,2607,1776,2644,1741,2644
10,2872,35,2872,35,2899,10,2899
229,1868,259,1868,259,1906,229,1906
1272,1708,1325,1708,1325,1762,1272,1762
805,1362,844,1362,844,1412,805,1412
810,1951,851,1951,851,1989,810,1989
1481,433,1529,433,1529,483,1481,483
1106,1905,1148,1905,1148,1946,1106,1946
1180,2347,1222,2347,1222,2384,1180,2384
861,896,903,896,903,947,861,947
740,1426,777,1426,777,1471,740,1471
1040,2209,1067,2209,1067,2247,1040,2247
812,2210,854,2210,854,2247,812,2247
1110,2656,1147,2656,1147,2688,1110,2688
270,1190,296,1190,296,1223,270,1223
1343,1358,1368,1358,1368,1412,1343,1412
153,1952,189,1952,189,1991,153,1991
666,2305,708,2305,708,2346,666,2346
1337,2523,1364,2523,1364,2558,1337,2558
1480,724,1529,724,1529,773,1480,773
1867,2500,1906,2500,1906,2549,1867,2549
671,2955,711,2955,711,2996,671,2996
1737,2870,1775,2870,1775,2903,1737,2903
754,2651,776,2651,776,2690,754,2690
1482,1201,1539,1201,1539,1222,1482,1222
381,3173,415,3173,415,3210,381,3210
959,2519,1003,2519,1003,2562,959,2562
1330,2651,1367,2651,1367,2690,1330,2690
602,2957,631,2957,631,2995,602,2995
1033,2954,1075,2954,1075,2993,1033,2993
888,2092,924,2092,924,2124,888,2124
1926,2848,1951,2848,1951,2899,1926,2899
607,2996,628,2996,628,3038,607,3038
1037,675,1078,675,1078,711,1037,711
1481,2513,1512,2513,1512,2549,1481,2549
672,3087,712,3087,712,3119,672,3119
447,2536,483,2536,483,2570,447,2570
1329,2608,1370,2608,1370,2648,1329,2648
1107,2780,1150,2780,1150,2820,1107,2820
1920,837,1949,837,1949,890,1920,890
885,2473,930,2473,930,2518,885,2518
889,2782,925,2782,925,2817,889,2817
268,1126,296,1126,296,1156,268,1156
817,2822,855,2822,855,2855,817,2855
887,2259,930,2259,930,2300,887,2300
1195,2694,1215,2694,1215,2734,1195,2734
1325,3211,1368,3211,1368,3250,1325,3250
555,959,599,959,599,1005,555,1005
1477,2384,1519,2384,1519,2421,1477,2421
552,612,595,612,595,659,552,659
1927,1708,1952,1708,1952,1758,1927,1758
665,2089,706,2089,706,2130,665,2130
964,2565,998,2565,998,2602,964,2602
1411,2169,1438,2169,1438,2206,1411,2206
1812,2496,1835,2496,1835,2552,1812,2552
747,3171,783,3171,783,3211,747,3211
961,2954,1001,2954,1001,2995,961,2995
1264,2558,1291,2558,1291,2597,1264,2597
1331,843,1376,843,1376,881,1331,881
745,3219,785,3219,785,3251,745,3251
755,3000,776,3000,776,3041,755,3041
232,2214,256,2214,256,2252,232,2252
447,2824,490,2824,490,2864,447,2864
1117,2295,1144,2295,1144,2333,1117,2333
1402,563,1441,563,1441,585,1402,585
1263,2872,1290,2872,1290,2904,1263,2904
967,3172,998,3172,998,3208,967,3208
1332,444,1369,444,1369,475,1332,475
910,1769,963,1769,963,1821,910,1821
1185,2956,1221,2956,1221,2992,1185,2992
1940,897,1962,897,1962,918,1940,918
689,1073,713,1073,713,1125,689,1125
1180,2476,1223,2476,1223,2516,1180,2516
881,1863,923,1863,923,1905,881,1905
1254,3001,1296,3001,1296,3034,1254,3034
961,2779,1004,2779,1004,2819,961,2819
371,2255,414,2255,414,2296,371,2296
1401,3084,1437,3084,1437,3117,1401,3117
304,1951,328,1951,328,1992,304,1992
1040,2299,1069,2299,1069,2336,1040,2336
1266,1945,1286,1945,1286,1985,1266,1985
667,2438,709,2438,709,2476,667,2476
373,2304,407,2304,407,2336,373,2336
1560,1479,1582,1479,1582,1528,1560,1528
529,3218,557,3218,557,3255,529,3255
600,2389,628,2389,628,2430,600,2430
1180,2257,1223,2257,1223,2297,1180,2297
531,2959,554,2959,554,2993,531,2993
753,3129,780,3129,780,3163,753,3163
613,1309,657,1309,657,1352,613,1352
599,1948,623,1948,623,1988,599,1988
969,2083,1000,2083,1000,2116,969,2116
756,3084,778,3084,778,3124,756,3124
1559,1982,1596,1982,1596,2025,1559,2025
885,2303,929,2303,929,2343,885,2343
1038,2912,1071,2912,1071,2949,1038,2949
1335,3081,1355,3081,1355,3120,1335,3120
825,2337,845,2337,845,2380,825,2380
1118,2469,1139,2469,1139,2510,1118,2510
162,1996,182,1996,182,2036,162,2036
670,2222,704,2222,704,2259,670,2259
1481,3003,1507,3003,1507,3029,1481,3029
1264,2341,1286,2341,1286,2374,1264,2374
531,2911,554,2911,554,2952,531,2952
749,1593,773,1593,773,1645,749,1645
1411,2035,1438,2035,1438,2074,1411,2074
1672,894,1695,894,1695,945,1672,945
818,2299,847,2299,847,2334,818,2334
1412,1954,1437,1954,1437,1986,1412,1986
1488,2813,1507,2813,1507,2853,1488,2853
962,2437,1000,2437,1000,2471,962,2471
598,2081,623,2081,623,2115,598,2115
1738,735,1776,735,1776,766,1738,766
301,2128,334,2128,334,2160,301,2160
1042,2610,1070,2610,1070,2647,1042,2647
567,1362,592,1362,592,1413,567,1413
1610,779,1632,779,1632,830,1610,830
1403,1307,1441,1307,1441,1352,1403,1352
924,1188,949,1188,949,1242,924,1242
1259,2384,1294,2384,1294,2416,1259,2416
1394,899,1448,899,1448,949,1394,949
1337,1862,1364,1862,1364,1898,1337,1898
385,2514,405,2514,405,2556,385,2556
517,2217,559,2217,559,2259,517,2259
1260,3043,1287,3043,1287,3077,1260,3077
749,2256,776,2256,776,2290,749,2290
563,552,585,552,585,601,563,601
1193,2168,1211,2168,1211,2198,1193,2198
1332,2307,1365,2307,1365,2341,1332,2341
1331,3043,1364,3043,1364,3073,1331,3073
1182,2077,1220,2077,1220,2118,1182,2118
1258,2914,1295,2914,1295,2950,1258,2950
524,3003,561,3003,561,3037,524,3037
455,1862,475,1862,475,1906,455,1906
272,1274,297,1274,297,1307,272,1307
1559,2441,1601,2441,1601,2483,1559,2483
891,2127,923,2127,923,2171,891,2171
1840,498,1856,498,1856,533,1840,533
1037,496,1073,496,1073,540,1037,540
1164,548,1188,548,1188,598,1164,598
602,3217,634,3217,634,3251,602,3251
274,999,296,999,296,1023,274,1023
1400,497,1431,497,1431,537,1400,537
1397,963,1444,963,1444,1003,1397,1003
453,3132,488,3132,488,3167,453,3167
979,1025,1023,1025,1023,1064,979,1064
749,609,772,609,772,658,749,658
824,2736,851,2736,851,2768,824,2768
920,907,950,907,950,943,920,943
1262,2208,1285,2208,1285,2246,1262,2246
1046,2340,1067,2340,1067,2380,1046,2380
1241,1477,1263,1477,1263,1498,1241,1498
1414,2126,1431,2126,1431,2158,1414,2158
1427,1708,1448,1708,1448,1730,1427,1730
1118,2207,1140,2207,1140,2246,1118,2246
887,2823,930,2823,930,2861,887,2861
1038,792,1083,792,1083,823,1038,823
1105,1951,1146,1951,1146,1989,1105,1989
1362,1419,1383,1419,1383,1441,1362,1441
1184,2126,1217,2126,1217,2158,1184,2158
907,3237,928,3237,928,3253,907,3253
1065,897,1086,897,1086,919,1065,919
13,2596,29,2596,29,2631,13,2631
820,3175,855,3175,855,3210,820,3210
1206,2209,1225,2209,1225,2225,1206,2225
939,1247,961,1247,961,1268,939,1268
1129,2513,1148,2513,1148,2530,1129,2530
392,2560,413,2560,413,2576,392,2576
1342,499,1365,499,1365,536,1342,536
1043,2779,1065,2779,1065,2820,1043,2820
315,2903,334,2903,334,2945,315,2945
1473,2906,1516,2906,1516,2946,1473,2946
892,3002,929,3002,929,3035,892,3035
703,492,724,492,724,514,703,514
826,2469,844,2469,844,2510,826,2510
1342,2865,1361,2865,1361,2908,1342,2908
1334,2783,1368,2783,1368,2820,1334,2820
1033,2036,1066,2036,1066,2072,1033,2072
374,2663,417,2663,417,2676,374,2676
1856,1706,1875,1706,1875,1728,1856,1728
1301,1478,1321,1478,1321,1499,1301,1499
461,2488,481,2488,481,2531,461,2531
826,2955,850,2955,850,2995,826,2995
322,2950,339,2950,339,2967,322,2967
1053,2695,1073,2695,1073,2712,1053,2712
1058,2385,1075,2385,1075,2402,1058,2402
1575,1533,1597,1533,1597,1555,1575,1555
2030,2989,2071,2989,2071,3015,2030,3015
280,1166,300,1166,300,1181,280,1181
1046,2253,1061,2253,1061,2295,1046,2295
746,1948,767,1948,767,1989,746,1989
916,962,953,962,953,1006,916,1006
825,3042,846,3042,846,3082,825,3082
892,2869,922,2869,922,2905,892,2905
1484,3079,1505,3079,1505,3116,1484,3116
1121,2386,1135,2386,1135,2416,1121,2416
762,2343,778,2343,778,2358,762,2358
765,1187,784,1187,784,1207,765,1207
1279,2775,1296,2775,1296,2792,1279,2792
1893,2151,1912,2151,1912,2173,1893,2173
1271,2730,1286,2730,1286,2774,1271,2774
465,1016,485,1016,485,1038,465,1038
582,1420,601,1420,601,1441,582,1441
974,2648,992,2648,992,2693,974,2693
1493,2858,1511,2858,1511,2875,1493,2875
468,2796,487,2796,487,2810,468,2810
1305,1189,1323,1189,1323,1208,1305,1208
1048,2652,1064,2652,1064,2692,1048,2692
978,2166,998,2166,998,2182,978,2182
2029,3016,2074,3016,2074,3053,2029,3053
614,2168,632,2168,632,2180,614,2180
905,1951,922,1951,922,1966,905,1966
